8.729821067651057616e+06 7.015070945082801394e+06 6.405742965698991902e+06 7.306977605175762437e+06 9.529351713506102562e+06 1.217000648120218702e+07 1.405701190436110087e+07 1.438223812765123323e+07 1.314370056092639267e+07 1.099292537282188050e+07
8.308648683575808071e+06 6.292572628673329949e+06 5.530480299452753738e+06 6.582442034467964433e+06 9.259519803597360849e+06 1.244387804880947433e+07 1.470047427495134063e+07 1.504897044604263455e+07 1.352531304987001419e+07 1.096100903103083745e+07
7.624801268045907840e+06 5.295658267958481796e+06 4.322022719576401636e+06 5.519223663350176997e+06 8.728983698374155909e+06 1.254505327306112647e+07 1.522309003272979893e+07 1.558019664882699959e+07 1.371297862809874304e+07 1.068461050175515190e+07
6.676892151056362316e+06 4.092313794208315667e+06 2.798508760682829656e+06 4.068323784005646128e+06 7.900029233610093594e+06 1.243740158206701092e+07 1.558653524404376373e+07 1.592771444916815497e+07 1.365046948308731802e+07 1.011885026186178625e+07
5.549391633227163926e+06 3.072856637343967799e+06 1.468945123759975657e+06 2.195123545889722649e+06 6.752940081189313903e+06 1.208948630991634354e+07 1.575091067132491618e+07 1.603801051668304764e+07 1.327815969871120341e+07 9.233832845339640975e+06
4.582103509985517710e+06 3.405133573941076640e+06 2.738730277838305105e+06 4.372294862562431372e+05 5.321560101667064242e+06 1.148219446868186072e+07 1.567802384546585381e+07 1.585485700701287203e+07 1.253949768373184279e+07 8.045545697880805470e+06
4.624284589556512423e+06 5.494110764458432794e+06 5.577453625150863081e+06 3.035209141507091466e+06 3.828428130464881659e+06 1.062179114712098800e+07 1.533664390672175027e+07 1.532439657451524027e+07 1.139576098829269968e+07 6.702317001162593253e+06
6.316614310340704396e+06 8.532587106744648889e+06 8.975499612091805786e+06 6.272257851776136085e+06 3.186863580204677768e+06 9.562848519873443991e+06 1.471057910063468106e+07 1.440471166025769152e+07 9.862711225140744820e+06 5.718557380330126733e+06
9.228267489474313334e+06 1.207311536903366260e+07 1.271437193732998148e+07 9.866382135141275823e+06 4.597797641873347573e+06 8.448127064935438335e+06 1.381080643928694725e+07 1.308437938897213340e+07 8.114640878198086284e+06 6.154230662549023516e+06
1.281716229231969267e+07 1.584443430958723463e+07 1.658860291046923585e+07 1.366099430101297610e+07 7.298772457847774960e+06 7.562521369492424652e+06 1.269324382924117893e+07 1.142153635488435812e+07 6.781148243617254309e+06 8.519890338219568133e+06
1.671579364406824298e+07 1.955759011835019663e+07 2.032181494346969575e+07 1.742547982825792953e+07 1.045349445175824128e+07 7.317727299029056914e+06 1.148277191537039727e+07 9.633635407782016322e+06 7.222534293466959149e+06 1.222602250772142410e+07
2.057863039505949244e+07 2.285212350346312672e+07 2.354917871315381676e+07 2.084339704580647498e+07 1.364262197712785564e+07 7.976483571502334438e+06 1.039552500344665349e+07 8.284374220535499975e+06 1.008523877234336920e+07 1.667547664844776876e+07
2.400502156598149240e+07 2.528678609540789947e+07 2.582126408942947909e+07 2.351549610587183759e+07 1.651123120962017216e+07 9.343621172056848183e+06 9.719941356615966186e+06 8.349219488400305621e+06 1.454267107864279114e+07 2.143548215967354551e+07
2.652101520698871091e+07 2.635815478214336187e+07 2.663141604814288393e+07 2.498254750016677007e+07 1.868299767773880437e+07 1.093810636732934602e+07 9.680923655766084790e+06 1.031387883157096058e+07 1.979932756026729941e+07 2.607882923041687161e+07
2.759763517813848332e+07 2.555050828372484073e+07 2.547639032850071043e+07 2.477837857078811526e+07 1.976933239861878380e+07 1.227507551895114407e+07 1.023110119960050844e+07 1.353342659259642288e+07 2.528196010795606673e+07 3.011110008596837893e+07
2.670432680911418796e+07 2.242556028095647693e+07 2.196676899838503823e+07 2.252953003573894873e+07 1.942709032183159143e+07 1.294937638605433889e+07 1.103056544550603069e+07 1.713830838684467226e+07 3.041940988959385455e+07 3.296052434090694413e+07
2.340207723570153862e+07 1.676874113284494355e+07 1.604183986620314419e+07 1.814475257193706930e+07 1.747092385529529303e+07 1.266071258973879181e+07 1.164398173966005072e+07 2.042492842664205283e+07 3.455211052733381093e+07 3.401219663163202256e+07
1.748074590437107533e+07 8.923870285119602457e+06 8.789897813976427540e+06 1.232992066042807512e+07 1.409339572285426036e+07 1.127287694319437072e+07 1.171683464869508892e+07 2.277476584260407463e+07 3.692489829170356691e+07 3.268883035373508930e+07
9.175133304837791249e+06 4.596064142968947068e+06 8.348956271497348323e+06 8.905848170488562435e+06 1.043021122727893852e+07 8.945713325957484543e+06 1.107693340550321713e+07 2.361755587021080777e+07 3.673784918339216709e+07 2.858994852319585904e+07
2.811215588612261694e+06 1.381326812425094470e+07 1.755945053947427869e+07 1.371072431235455535e+07 9.574875255084771663e+06 6.484241044142724946e+06 9.832679097585452721e+06 2.248058223964329436e+07 3.325672635258943588e+07 2.172856608667973801e+07
1.249578574826105125e+07 2.339460910948527977e+07 2.687196500045187026e+07 2.127258568863414973e+07 1.294714769365283474e+07 5.937979363006824628e+06 8.499433930163571611e+06 1.910693390432426706e+07 2.599239797530302033e+07 1.316014565125735104e+07
2.192819393289253861e+07 2.976347598313451186e+07 3.272129789579628035e+07 2.665378734131026268e+07 1.696642106444043294e+07 8.056260289563244209e+06 7.968849618131767958e+06 1.367312603597352467e+07 1.498692768428100459e+07 8.818365391869056970e+06
2.811622416409381479e+07 3.067399547011133283e+07 3.274387296734238788e+07 2.726459147285857052e+07 1.867143716512954235e+07 1.053876565326283313e+07 8.726951953535947949e+06 7.558758414434281178e+06 3.438688437849460635e+06 1.598495157220901735e+07
2.956045739708146825e+07 2.505781550155268237e+07 2.572467992992772534e+07 2.176925423679550365e+07 1.649998293781800009e+07 1.178640356709920801e+07 1.017419970778772049e+07 7.348991416477195919e+06 1.608128016934970953e+07 2.439374286503428221e+07
2.683937050598331541e+07 1.516990830081951059e+07 1.253522976261241548e+07 1.065714319733695127e+07 1.013828299372636154e+07 1.109320220472814701e+07 1.149984712360526808e+07 1.366359893988481723e+07 3.076020927911745012e+07 2.880313973918079212e+07
2.467025763080807030e+07 1.490803636669424176e+07 5.354954287105790339e+06 3.458577967233568896e+06 1.203416711838763440e+06 8.295561642343731597e+06 1.220522770739491284e+07 1.906571802646319196e+07 4.100911051212473214e+07 2.733171190766143426e+07
2.853349902526678890e+07 2.666192349004936591e+07 1.831069405326325819e+07 1.488192133239742741e+07 9.758989096043065190e+06 5.311856148725986481e+06 1.165868764572934061e+07 2.103820376380454004e+07 4.305621290684230626e+07 2.137558990865835175e+07
3.350798678225453943e+07 3.346498700493580103e+07 2.303986804077624530e+07 1.825788477928167954e+07 1.845750545233859122e+07 1.122770035328715108e+07 8.654502463230021298e+06 1.886900527300247550e+07 3.416228360495589674e+07 1.939269480483005196e+07
3.032600639802598581e+07 2.902364715636911616e+07 1.528325895742967539e+07 1.026321891429152898e+07 2.490153359643358737e+07 2.323963965774569660e+07 1.952657400414765580e+06 1.394149025530574471e+07 1.411894428039375134e+07 2.700506707755557820e+07
1.469103544926270097e+07 1.512057949658866785e+07 2.478256615260842722e+06 9.946475798324400559e+06 3.011053152325034142e+07 3.562189316713637114e+07 8.780407019935769960e+06 1.099713767373560369e+07 1.331786723634337634e+07 3.248954218355763704e+07
1.335965712770317867e+07 9.696132364353947341e+06 2.021207986956786737e+07 2.742673791279470176e+07 3.283318346216006950e+07 4.232140306339510530e+07 2.036383826114118844e+07 1.298588634131893516e+07 3.973510575664459914e+07 2.646403998612342775e+07
3.740243833224429935e+07 1.371755310061690956e+07 2.468272177191013470e+07 3.203143318300169706e+07 2.766695680801814795e+07 3.756948681256555021e+07 2.723769028685262427e+07 1.396178260970319994e+07 5.389117806615119427e+07 1.047961913835483417e+07
4.660071626022768021e+07 1.947682889203258557e+06 9.853099955841379240e+06 1.512579932368564978e+07 1.142787228745342046e+07 2.372222246714495122e+07 2.321113497615052015e+07 1.059534406043539010e+07 4.616263992824620754e+07 2.497420598093294352e+07
3.362818779017145187e+07 2.381316511910795793e+07 2.035336456736599654e+07 1.551888888689768128e+07 1.385497786650600657e+07 2.746702324860275164e+07 6.906276650052034296e+06 5.191201057768809609e+06 1.691772478260346875e+07 4.371795588266970962e+07
1.005775781909552962e+07 3.974431922280368954e+07 3.456168844669790566e+07 3.526292436508857459e+07 2.849395144795938581e+07 4.188132642432142794e+07 1.453453514688278921e+07 4.430813368908206932e+06 3.066162382889666408e+07 4.164591070513642579e+07
8.729273395539131016e+06 2.704436372350549698e+07 1.716527815732336044e+07 2.158056329113310203e+07 2.298420479077719897e+07 3.851349306047854573e+07 2.450369252639912441e+07 6.112560593405106105e+06 5.766727497741205990e+07 2.028728822980212793e+07
7.528050606418389827e+06 1.164428076646337658e+07 2.309217329659497738e+07 1.734957224520365149e+07 1.950718960698892130e+06 2.477669343286732957e+07 1.235079574425867759e+07 7.495851243891734630e+06 4.638133831347714365e+07 2.029016900826008245e+07
3.643665300699073076e+07 3.119425230961638689e+07 4.112808285685950518e+07 3.721978322993730754e+07 1.281402488696144708e+07 3.521987278496954590e+07 1.718202726348314062e+07 7.442301923326598480e+06 1.469161628495739773e+07 1.772867144566576928e+07
3.673864454515663534e+07 2.120144232630065829e+07 1.672409987309021503e+07 6.377775902698749676e+06 7.176700047679543495e+06 4.910717925181857497e+07 3.147825064981124923e+07 2.085276444475961104e+07 6.524522668769270927e+07 1.951325564708249271e+07
1.928840882371321693e+07 3.820731899404778332e+07 3.005812242525095120e+07 4.008249210427887738e+07 1.085871403168579005e+07 4.405941313884868473e+07 1.388708206155969761e+07 3.826224235666986555e+07 6.733632445401069522e+07 5.734364373697350174e+07
6.156711661488645524e+07 2.256871658621801436e+07 2.136252077042822540e+07 2.314383096593804657e+07 7.157700741521986201e+06 5.874705146693005227e+06 1.585081710005989857e+07 3.352917121769636869e+07 2.580474749430000409e+07 4.633238934541190416e+07
4.671941488027508557e+07 3.436690446142023802e+07 2.117259412967318296e+07 4.103833342469856888e+07 1.485808310589448921e+07 4.923861800136925280e+07 2.121989491174837947e+07 1.126211979679664364e+06 1.021583803267945647e+08 1.269145247478342988e+07
2.680673738188834488e+07 4.007292483869726956e+07 1.432874861976223812e+07 3.257264868889836967e+07 1.044936808762813359e+07 4.472000907094215602e+07 2.301633587143959478e+07 3.475233216718096286e+07 9.661536707412949204e+07 3.279620713191828132e+07
2.128557841670658439e+07 3.117328981168261543e+07 4.852051626795227081e+07 4.611434426057386398e+07 3.059642712891891971e+07 1.597930680496087484e+07 6.577788893966379575e+06 3.543645671971905231e+07 4.411806188676198572e+07 2.542387523467490822e+07
4.698480111208082736e+07 1.970588521787447855e+07 2.819663018374057859e+07 2.814972560404577479e+07 2.564983891974871606e+07 2.764045385528353229e+07 3.438225357434175164e+07 3.782925152443711460e+07 1.006630543219819218e+08 3.800882773761441559e+07
1.139316535345190950e+07 2.347723639752255008e+07 2.983250444726141915e+07 6.384454061993209273e+07 3.447504495724003762e+07 5.817010363620385528e+06 2.572382566154954582e+07 3.655206714262198657e+07 1.450062530217958242e+07 4.051586645642846078e+07
5.187435342964410037e+07 2.817409582006395608e+07 3.789497991529299319e+07 2.214573962917228788e+07 1.302547483443062752e+07 4.579166270079749823e+07 2.253517379656066746e+07 5.762567124504512548e+07 9.963332638558809459e+07 6.077849767434785515e+07
1.517691882208392583e+07 2.971445751019252837e+07 4.624677938559398055e+06 4.010338961679863185e+07 1.018259156902450137e+07 4.238414655130567402e+07 3.146830090734284744e+07 3.246685930608990043e+07 2.460641705112022161e+07 2.246872850722716004e+07
3.824884374678675085e+07 3.584398551550899446e+07 3.452304890097071230e+07 7.913277065711739659e+07 2.715110658242829889e+07 1.474211824588066339e+07 3.427516486231963336e+07 2.807614290904965624e+07 1.434902352980795801e+08 3.848252105309400707e+07
5.063172737535496056e+07 5.990899704777707160e+07 6.481477698923334479e+07 4.569734059407869726e+07 1.816072299390524998e+07 4.269600784181117266e+07 2.809098103725874424e+07 1.333983859040199220e+07 4.999686956540353596e+07 6.488340011853587627e+07
7.161892188057382405e+07 6.031904008651983738e+07 1.540951192146794684e+07 2.488835723493388668e+07 6.528956748839621991e+07 2.613224316522793844e+07 5.188456084875038266e+07 2.411370891156009398e+06 1.064347752351655662e+08 4.326695894149526209e+07
3.975990503860908747e+07 2.632992976052235812e+07 2.420785135997541621e+07 1.575021384206444584e+07 2.743131318842682987e+07 7.996960070978896692e+06 3.578429995608685911e+07 2.881098208941519260e+07 1.182896190841887146e+08 4.814178899736505002e+07
4.188536954616083205e+07 3.832708569175044447e+07 5.025525176980100572e+07 5.636932935333453864e+07 6.111644134750136733e+07 3.948265441132839769e+07 4.030493720376449078e+07 1.463871603905532137e+07 3.346784445397230610e+07 1.144537867671449482e+07
1.767425111485100165e+07 3.387820561322960258e+07 2.748501907474767417e+07 4.354156576194404066e+07 2.397348060286955163e+07 5.981382669870478660e+07 6.005802383094088873e+05 1.955125193890937418e+07 7.891692290991285443e+07 7.362957955159707367e+07
5.398978300595933944e+07 2.848917786408596113e+07 1.071004150845053233e+07 6.643434327285319567e+07 1.788494103196188062e+07 1.406958382675161399e+07 3.914686385164152831e+07 3.752895203818247467e+07 1.693343050584103763e+08 4.676566640405614674e+07
8.828342740231256932e+06 2.826272773684946075e+07 5.103398563441314548e+07 7.089135844211857021e+07 2.338324044476545975e+07 2.524716698004330695e+07 5.221029432076179236e+07 1.119779863831568696e+07 1.389966836965597272e+08 4.987700906780200452e+07
5.727873265811528265e+07 3.296744081501361728e+07 6.752449344161468744e+07 3.320774516197281703e+07 3.016748480212341622e+07 5.170245317861460894e+07 5.134837438477858901e+07 4.159742613583598286e+07 1.186515348303416818e+08 1.053137371413172334e+08
5.247351237471383810e+07 7.638072525655156374e+07 3.964505829854083806e+07 6.222993024087420851e+07 3.979203150012043864e+07 4.887703290926826745e+07 5.675949342767610401e+07 3.637581232458282262e+07 2.242491830702294037e+07 6.395367595747437328e+07
5.218898665871601552e+07 3.580163084506341815e+07 2.997848281703718752e+07 7.829760800344854593e+07 4.114278729236529022e+07 2.405800588726728782e+07 3.970694623971391935e+06 3.409311552996479720e+07 4.994476049288946390e+07 7.462895908557957411e+07
5.812477560236998647e+07 6.130675123198792338e+06 5.126462222851374745e+07 9.113085881249898672e+07 3.806888812949245423e+07 3.057560056204967946e+07 6.911972399965153635e+07 3.908261054515170306e+07 7.770683395594953001e+07 2.339301961091954261e+07
6.558598845191652328e+07 4.464911799158930779e+07 3.824248031596800685e+07 5.666062661284308136e+07 1.137631402908194624e+07 3.967687688624015450e+07 6.068471264420402795e+07 3.981314265677890182e+07 7.709067733430615067e+07 5.774282718807347864e+07
1.126224648510385454e+08 8.422711903792032599e+07 6.479778970901478827e+07 1.063987346546525657e+08 2.556191080770801380e+07 2.618281629588914290e+07 3.629852059923709184e+07 4.844226766966880113e+07 1.486155108869718909e+08 5.514684243845699728e+07
9.032393051999616623e+07 9.126691822496372461e+07 3.787229680432409048e+07 8.791398684548830986e+07 2.077597677061602473e+07 3.139317192244280502e+07 5.531278191342061758e+07 5.190327291992225498e+07 1.785890016019184887e+08 3.542172093091780692e+07
5.478885034395882487e+07 2.854207424031993747e+07 6.500044416449893266e+07 4.277520833381912857e+07 3.451764590458428115e+07 7.364668952050466835e+07 5.592837520457663387e+07 2.131991940209826082e+07 7.367143460145606101e+07 5.645338673878895491e+07
8.455991822411011159e+07 7.726363712836743891e+07 7.573494172421087325e+07 8.307728208379672468e+07 5.571462955383986235e+07 2.286557747055407614e+07 1.293768046885384433e+07 4.522205476809667051e+07 7.345374558141084015e+07 5.808700165688062459e+07
7.475570211046035588e+07 6.468655180205000192e+07 8.275285714850513637e+07 9.858219169825133681e+07 5.980003358682855964e+07 6.113106456260709465e+07 3.084503356659252569e+07 2.075202026342453808e+07 1.919121827317615151e+08 1.001967300961978287e+08
1.019167551364009082e+08 7.208683523955570161e+07 7.761984105911947787e+07 1.211950944348037839e+08 7.340563869341498613e+07 2.675434655392435566e+07 4.166118861658030003e+07 1.017131249806268066e+08 7.840037351130957901e+07 1.046352476585449725e+08
6.785837112042622268e+07 5.258985910273496807e+07 6.344176587689097226e+07 9.142224063517358899e+07 4.781230278100454807e+07 2.603902461128835753e+07 3.852422785946698859e+06 1.879352268692161143e+07 9.494685128573779762e+07 1.233288487677592188e+08
4.489027426515007764e+07 7.383789093542319536e+07 6.121125942776971310e+07 1.900148163748917729e+07 2.601904927064368501e+07 5.721397276229424030e+07 6.982560938015818596e+07 7.402450855932106078e+07 1.852106904055054188e+08 9.736996506510168314e+07
7.574951747846855223e+07 2.216510563903982565e+07 6.443195534726410359e+07 1.285707144548650384e+08 4.221637306018661708e+07 3.013021915810055286e+07 1.783243632338388264e+07 7.558281206621296704e+07 1.991025865658240020e+08 9.243140892666910589e+07
6.783419007323047519e+07 1.813197274305863678e+07 9.469366186492925882e+07 7.745342323434759676e+07 4.934684979778297991e+07 4.863084050175822526e+07 3.650385162593644857e+07 4.618737286715839803e+07 1.426194819531023800e+08 1.150282221086380035e+08
3.916837644179996848e+07 8.026778682380069792e+07 3.137031107422043383e+07 8.297248329572281241e+07 1.542682070920382068e+07 1.615376977550016157e+07 5.116592193037543446e+07 2.123000750621758401e+07 1.319910058188215643e+08 1.288386115331602842e+07
7.413567054366748035e+07 9.542292070853865147e+07 9.394149234696295857e+07 1.011586051809782684e+08 1.215479516748201475e+07 4.130682699873430282e+07 1.772842372325917706e+07 5.275026601433919370e+07 1.484860026816001236e+08 1.369118334453176856e+08
8.426532563061712682e+07 4.549203226432732493e+07 2.157211446141170710e+07 1.431332860102825463e+08 4.637315649545864202e+06 2.092753173033951595e+07 2.049104855585209653e+07 3.030233607542581484e+07 6.773698527737219632e+07 6.431330328239515424e+07
5.825379001459760964e+07 2.065765286810484156e+07 3.592800105897581577e+07 1.282750977893483341e+08 3.242357383052226901e+07 3.139728608894893527e+07 2.642011250439170748e+07 6.275132064745526761e+07 1.407554439050895274e+08 2.679109991285795718e+07
5.611945111805958301e+07 7.296481364020048082e+07 1.080146109450701624e+08 2.891238347720072046e+07 4.098617467231211066e+07 5.444869662541958690e+07 5.948470609479115158e+07 7.734838160487101972e+07 3.137935798509638384e+07 2.094560195865806565e+07
1.045072731134987026e+08 8.514608102312247455e+07 1.137205470850644261e+08 2.053705503767074049e+08 9.172658469574593008e+07 3.232557167227375135e+07 3.299824540177545324e+07 8.775982623500384390e+07 1.405228608954589069e+08 6.122028494871466607e+07
8.852619150648821890e+07 3.278989223328921199e+07 8.680373882709071040e+07 1.159702792204378396e+08 1.106240893617250174e+08 5.942529544325079769e+07 5.113201330213347822e+07 3.393470947153187543e+07 1.867222259382834435e+08 7.317929159669740498e+07
7.307752978270654380e+07 5.773055554736513644e+07 4.011597014859943837e+07 1.265941332966775894e+08 7.501999814476743340e+07 5.882635480757717043e+07 6.828119279691622593e+06 5.479609161881246418e+07 1.543544350204661191e+08 3.747453432300264388e+07
1.117961764652076215e+08 3.481926319643080980e+07 7.387492881181661785e+07 1.437332716050188839e+08 1.252492638231052458e+07 6.144019371293036640e+07 5.587127379561381415e+06 4.723536171247153729e+07 3.310931652768658474e+07 1.770256840221130475e+07
7.149441313211414218e+07 4.114578678892666847e+07 1.335850548715546578e+08 4.589047775038668513e+07 7.700302419694414735e+07 8.343629436081227660e+07 4.340703458567734808e+07 8.760316670048367977e+07 1.743749613782979250e+08 4.377554896801093966e+07
1.492101527061457932e+08 8.498951057584576309e+07 1.067129239173677564e+08 1.460098538190259971e+07 7.347746277563384175e+07 4.358449161256201565e+07 1.470306262980636023e+07 6.856080207499055564e+07 4.632364435300184041e+07 4.269262172752349079e+07
1.362057741601386666e+08 8.576431081024092436e+07 1.606747318305961788e+08 2.259408317915480211e+07 9.000974038722720742e+07 1.025102206565923057e+07 1.069463874373925291e+07 8.804384718000805378e+07 2.448001481288035214e+07 1.323010463967329115e+08
1.409908382252031863e+08 1.007178048457887173e+08 6.295557174671963602e+07 1.108386756594929248e+08 7.306823863102400303e+07 7.136471696486784518e+07 3.841852822106848657e+07 2.404913682914746180e+07 3.717478892316907644e+07 1.396406310578997135e+08
4.840465217874880135e+07 6.095567649182346463e+07 1.341788134518474191e+08 3.375699771038099378e+07 4.111609469953688979e+07 7.517068551226659119e+07 7.931676662420329452e+07 9.546694700994761288e+07 2.095807430782860219e+08 1.234908723679453284e+08
5.150875446924792230e+07 1.546929775130994618e+08 4.928458463409804553e+07 4.561420616056515276e+07 7.683888885523501039e+07 9.359091835608458519e+07 3.200231912201737240e+07 6.540645508752688766e+07 5.509939018396628648e+07 9.590666445505936444e+07
1.572997859027587771e+08 8.376274707674765587e+07 1.963298616296675503e+08 9.188149230110256374e+07 9.475544293067987263e+07 5.369738404385481030e+07 1.205176038581787050e+08 3.812885757901139557e+07 1.993176366852822155e+07 1.951272268852214217e+08
1.896284637658198774e+08 2.201076450955047905e+08 1.112771244216557145e+08 7.719063842013499141e+07 1.033355577492871583e+08 8.605837299707384408e+07 8.521054062925565243e+07 1.013686511371200830e+08 1.586715355923014283e+08 2.355256571095238030e+08
1.181104717879920304e+08 1.202032331552283317e+08 2.643895864092288911e+07 3.973071818272564560e+07 6.831612024510380626e+07 3.376686786384198070e+07 9.816777640018405020e+07 9.623840941737475991e+07 7.121040676119984686e+07 1.364338674186128974e+08
5.254064602587372810e+07 7.324735490806460381e+07 1.572078379187538922e+08 1.609614379905107915e+08 1.206590940293875337e+08 7.009391751774303615e+07 6.997890872273345292e+07 1.001517203225708902e+08 1.887043426764041483e+08 1.884180029661241174e+08
1.320933836504123807e+08 1.182299417638355196e+08 2.783666167880649492e+07 8.540064011538332701e+07 1.068768677480354607e+08 8.804756073436857760e+07 9.515591908267161250e+07 1.389299188852578998e+08 1.567141726061622202e+08 1.918341835817428529e+08
2.333674133140258193e+08 1.985801830172319412e+08 8.410042679524242878e+07 1.691888188217438459e+08 1.101825641305812746e+08 1.060014225194717199e+08 6.110744910621060431e+07 8.391339469965244830e+07 1.474949466044206023e+08 8.703930045076686144e+07
2.316182118139972389e+08 8.454975457951363921e+07 6.963106034273169935e+07 1.506555271619242728e+08 1.906709367831652761e+08 1.024220478601213098e+08 6.196089510060474277e+07 1.400695622386913300e+08 1.862237870615686774e+08 1.947425597069797218e+08
2.276280962461815178e+08 9.634082907397493720e+07 8.733733675834034383e+07 9.501304348518942297e+07 1.052590323266650140e+08 1.045484978130581975e+08 5.038121087819682062e+07 1.512425203595239818e+08 1.617499029619793892e+08 2.560237576896361113e+08
1.498512768337458372e+08 3.177301469025588036e+08 2.393081536657616794e+08 9.020820050354649127e+07 9.015255408161646128e+07 8.782681687004038692e+07 2.552764291573826969e+08 2.837689291102649570e+08 2.465462065971273780e+08 7.219916959493853152e+07
2.126122786543337703e+08 6.161696523120011389e+07 2.420391111449676752e+08 7.505145474910306931e+07 1.729374381552562714e+08 1.425447622364298105e+08 1.103979629048933834e+08 2.249394375523112714e+08 3.947781361058915854e+08 1.911517140378423929e+08
