8.195898596081492491e+06 8.393462980612007901e+06 8.568419762966487557e+06 8.710479690554438159e+06 8.849808519870650023e+06 8.926572248811829835e+06 8.820335614546461031e+06 8.525916251564877108e+06 8.218832729272643104e+06 8.096863868978458457e+06
8.654037994583318010e+06 8.903282761280741543e+06 9.106816009047612548e+06 9.264743814745033160e+06 9.434159553805949166e+06 9.541567505479913205e+06 9.419023336256556213e+06 9.049829646436337382e+06 8.663057331794237718e+06 8.517670242276167497e+06
9.055283409176642075e+06 9.369553614660279825e+06 9.602979995827022940e+06 9.773226646305110306e+06 9.978212945049110800e+06 1.012810016003388353e+07 9.989181034602444619e+06 9.526595412076946348e+06 9.039791794998265803e+06 8.867973106167675927e+06
9.373858343864100054e+06 9.769813795116990805e+06 1.003274283093805052e+07 1.020823248133207671e+07 1.045484217977867834e+07 1.066341487233943120e+07 1.050948245020723343e+07 9.930434813798071817e+06 9.318292723068365827e+06 9.117322766305094585e+06
9.579575212001359090e+06 1.007792923547793552e+07 1.036722427718782239e+07 1.053566545830473863e+07 1.083037426490471326e+07 1.111971625202469900e+07 1.095438121307395399e+07 1.023037530273713358e+07 9.461553383711170405e+06 9.229424269408389926e+06
9.638086581874558702e+06 1.026445797169582732e+07 1.057280830391418375e+07 1.071440477340579778e+07 1.106383617064713128e+07 1.146387305886301585e+07 1.129413603724265657e+07 1.039010904341139272e+07 9.426018202209781855e+06 9.162049502166753635e+06
9.511642453304100782e+06 1.029750485150320642e+07 1.061151897744979709e+07 1.069593617806135677e+07 1.110640094219250977e+07 1.165742399316086620e+07 1.149522753930792771e+07 1.036823923048269004e+07 9.161722227778472006e+06 8.867439165118673816e+06
9.160562804225713015e+06 1.014424679306031764e+07 1.044198406681512482e+07 1.042443379196269810e+07 1.090120742962607183e+07 1.165705537505720183e+07 1.152134614485144429e+07 1.011910953121649101e+07 8.613099770607650280e+06 8.293456233784548938e+06
8.545677352851571515e+06 9.773327412792539224e+06 1.002121678704579547e+07 9.837574687236854807e+06 1.038380411472839490e+07 1.141576847118291818e+07 1.133516818568289280e+07 9.594459945325355977e+06 7.720789526337594725e+06 7.385853530708761886e+06
7.632032819515644573e+06 9.158315293153265491e+06 9.307487266866289079e+06 8.868525582885749638e+06 9.483585984898149967e+06 1.088500088913748227e+07 1.090116516388756968e+07 8.746194641328377649e+06 6.424878158543991856e+06 6.092223926495076157e+06
6.394276911956835538e+06 8.282374061863804236e+06 8.264599824211310595e+06 7.449963477883527055e+06 8.126847421153884381e+06 1.001800285927160084e+07 1.018969530864433944e+07 7.530570525364108384e+06 4.670295786537505686e+06 4.369072758301347494e+06
4.824693414781197906e+06 7.144181602630499750e+06 6.868004933388940990e+06 5.523002042126171291e+06 6.243046781454287469e+06 8.774781482965540141e+06 9.182586936943655834e+06 5.914099776276549324e+06 2.417321483897903934e+06 2.203008411077910569e+06
2.949714169737700373e+06 5.764941413387702778e+06 5.113836692299169488e+06 3.073402134825951885e+06 3.783605309645069763e+06 7.128903735382738523e+06 7.880317034345214255e+06 3.881393435112835839e+06 4.817643988253923599e+05 7.647385745221183170e+05
9.755256841272715246e+05 4.196092849429334514e+06 3.038066620315957814e+06 1.083782853647650685e+06 1.032596331666330807e+06 5.076460475003931671e+06 6.310714141192884184e+06 1.445466101518861717e+06 3.699655428990169894e+06 3.698890797239935491e+06
1.854828042347141542e+06 2.527634987339509651e+06 9.232123205929147080e+05 4.177450126376529690e+06 3.437501887130975258e+06 2.648795107189632952e+06 4.539040991327028722e+06 1.348605865862364648e+06 7.443001887006031349e+06 7.158826602387459017e+06
4.225099876077616587e+06 9.096190980324817356e+05 2.190454280252631754e+06 8.471223152911119163e+06 7.869735852827539667e+06 2.924576677578780800e+05 2.681062655965171289e+06 4.389023724267115816e+06 1.149990827961689606e+07 1.083468052087699622e+07
6.531018775318863802e+06 6.723266003841182683e+05 4.751882044519768097e+06 1.328870594810028933e+07 1.292915902288105525e+07 3.043396212509534787e+06 9.583690300319297239e+05 7.520217615110053681e+06 1.563606856352556311e+07 1.447169879111017846e+07
8.492059358726521954e+06 1.694661211418754654e+06 7.196488457276851870e+06 1.840890334196550772e+07 1.841641680823494121e+07 5.951736550082300790e+06 8.839778878680361668e+05 1.051329771334975213e+07 1.950537915009358898e+07 1.771841032071784511e+07
9.836518151116102934e+06 2.154057727024781518e+06 9.229712292594522238e+06 2.353972580389884114e+07 2.406170040199644119e+07 8.598467866982093081e+06 1.824683508874759311e+06 1.307794899329125322e+07 2.263446180692677572e+07 2.011640239294411242e+07
1.030117762647110038e+07 1.840413631716285832e+06 1.056597370362155139e+07 2.829107843233979121e+07 2.948670973865159228e+07 1.066721692007658817e+07 2.063394763224199880e+06 1.488005592904190905e+07 2.442251495831440017e+07 2.111207872276706621e+07
9.681235810409737751e+06 7.190928542055492289e+05 1.094158892840288207e+07 3.218188845995759964e+07 3.420175574414408952e+07 1.181254632924140431e+07 1.394098477003986016e+06 1.558108728544719517e+07 2.416619367784569412e+07 2.009842565204380825e+07
7.902761370126018301e+06 1.568198896104509709e+06 1.018035575731205381e+07 3.467642918547955900e+07 3.762869016624595970e+07 1.170607329923287407e+07 1.327149735158161726e+06 1.490366978628332354e+07 2.112528697642387822e+07 1.650888937849149108e+07
5.107324321623535827e+06 4.217890926923085004e+06 8.309618078838938847e+06 3.526164724828966707e+07 3.916159825517789274e+07 1.011081238760883547e+07 4.208245722182384692e+06 1.272448361765373871e+07 1.466714660481617227e+07 1.008101983737258986e+07
1.729464454267171444e+06 7.016780452087724581e+06 5.837555291981352493e+06 3.358340512834321707e+07 3.828424802661866695e+07 6.986839266162674874e+06 8.148449462076408789e+06 9.188203509757664055e+06 5.066971467764228582e+06 4.524754003677572124e+06
1.471129421352464240e+06 9.211734949173495173e+06 4.621545346756702289e+06 2.967322920119937137e+07 3.477750723236265033e+07 2.736163456932350993e+06 1.228564236674436741e+07 4.834169135574408807e+06 1.142188853682515956e+07 1.496779045880773664e+07
3.450776815463498700e+06 9.967650216931317002e+06 6.479124186309931800e+06 2.433903586524775252e+07 2.910018776295993850e+07 3.251259701846580487e+06 1.555207657417414896e+07 1.162174106246635085e+06 2.896131550491671264e+07 2.991811666116297245e+07
3.122244921712949406e+06 8.711723831979211420e+06 9.040852047838691622e+06 1.977715301489759982e+07 2.316077919333267212e+07 8.075398478223430924e+06 1.662661408853262290e+07 2.827179506616649684e+06 4.843511800236372650e+07 4.539307873181796074e+07
1.695555784882099833e+06 6.408419959649013355e+06 1.029524466013175994e+07 1.906282428602077439e+07 2.105298978846420720e+07 1.161100151083303429e+07 1.419900349865028448e+07 3.205774825131007936e+06 6.695666743571818620e+07 5.869550683803339303e+07
8.392445763684194535e+06 8.656263341251024976e+06 9.418686861955283210e+06 2.161805274171292409e+07 2.481663318318046257e+07 1.256460170514314622e+07 7.439854797781013884e+06 3.957037619588872418e+06 8.087142835105434060e+07 6.679758089961642027e+07
1.835639208108922467e+07 1.585272595044564642e+07 6.512171708971727639e+06 2.290108488858620450e+07 2.986549951987442002e+07 1.052069580589582771e+07 3.404116055490811355e+06 1.198158595757142268e+07 8.613922996874244511e+07 6.690434843824633211e+07
2.887992299879379943e+07 2.299047952612143382e+07 2.824940587482490577e+06 1.925959995673931763e+07 3.100260762509698793e+07 7.761527751431382261e+06 1.646342119031646103e+07 2.399522362359448895e+07 7.935351075444330275e+07 5.744907760826008767e+07
3.678474660388693959e+07 2.680433093730597943e+07 1.652911782855883241e+06 1.040032251129821688e+07 2.543401746214351803e+07 1.067177111814366095e+07 2.819726890439341590e+07 3.600010569785097241e+07 5.926357825453799218e+07 3.928775594173031300e+07
3.902159777908043563e+07 2.541785821482489258e+07 1.370505531829920597e+06 1.304882410264469311e+07 1.492033490121650696e+07 1.618499940779658407e+07 3.417010768478706479e+07 4.278950065444554389e+07 2.884551422426130623e+07 1.720774019976152852e+07
3.417758359500082582e+07 1.911317030528187752e+07 3.054234429746953771e+06 3.025468516788808629e+07 1.824581159320070222e+07 1.776199650166580081e+07 3.109278833127710223e+07 3.911672466282549500e+07 1.440572158355555870e+07 1.201655284945010580e+07
2.361389484148338065e+07 1.056980265404990502e+07 9.832546779920443892e+06 4.436944065939231217e+07 3.587203734330610931e+07 1.234779914547800831e+07 2.045730915177542344e+07 2.253108197982963920e+07 4.024247752005608380e+07 2.267064304538771138e+07
1.103036826041735522e+07 3.298788148839809932e+06 1.603333193800512515e+07 4.753246257650788873e+07 4.844609094487687200e+07 3.659775179999194108e+06 1.632330837757751532e+07 4.173876686843811534e+06 5.123972776043988019e+07 2.127256811024079844e+07
3.382353328342724591e+06 1.513079267022267217e+06 1.750094750940305740e+07 3.596677376650640368e+07 4.744690919886437058e+07 1.522890782323578000e+07 2.409572288655821607e+07 2.898856089751262963e+07 3.788515043266128004e+07 8.406548690620174631e+06
1.054184127766204253e+07 4.627827554694304243e+06 1.289893352786461264e+07 1.360689390451159887e+07 3.071069491271441802e+07 2.564240303216597810e+07 2.292474795691180602e+07 3.928836468986262381e+07 8.829356977224746719e+06 1.562985762547488324e+07
1.332527617926069908e+07 4.508612582106370479e+06 6.412627801711681299e+06 1.579286545379655063e+07 6.107296838448730297e+06 3.083526084189600125e+07 9.933324261194409803e+06 2.597731136425813287e+07 3.901844927695444971e+07 2.779083422271981835e+07
5.684707222738807090e+06 4.354710184638617560e+06 3.505847786742977798e+06 2.838775650075761229e+07 2.094234629487178102e+07 3.335145140983068570e+07 1.420493678311067261e+07 5.971302986998017877e+06 6.112600343178673834e+07 2.596240211039821804e+07
1.251131312516896985e+07 1.064910621508403122e+07 2.142293988591473084e+06 2.481000237547795847e+07 2.843902588090242445e+07 2.692026355522446334e+07 2.051740682895255834e+07 3.166768874127225578e+07 5.136156576444192231e+07 1.629088078289243951e+07
2.675721071055539697e+07 1.273143695965106040e+07 6.622802237159992568e+06 2.318337245902836695e+07 1.813636567491669953e+07 2.050808263909050729e+06 2.030251336711443216e+07 3.136106956297153607e+07 2.023847338914401457e+07 1.396125348186054081e+07
2.312133302211200446e+07 1.281547947734235600e+07 6.361204146677477285e+06 3.164074354566439241e+07 1.431432959813802317e+07 3.938723097981241345e+07 2.661326301709963009e+07 1.480320081534418650e+07 2.447596458180208132e+07 9.299612446159053594e+06
5.071353681883607991e+06 1.106170739481620863e+07 1.530286114791825227e+07 2.364640127064374089e+07 2.105319818959047273e+07 6.133947281293638051e+07 1.647948880356825329e+07 2.673026338232064992e+07 2.461409056138655543e+07 7.823184548136746511e+06
1.555125357873251848e+07 5.253199796682263259e+05 1.880589754955708981e+07 5.542279222963922657e+06 1.363704699476401322e+07 4.206667385086330771e+07 1.485083470317390561e+07 1.741853784473978728e+07 1.199488395022374392e+07 9.196292126697467640e+06
1.468840648483194783e+07 8.223387370580081828e+06 1.120544401688554324e+07 1.396215564154040441e+07 1.863020332001808565e+06 7.079359336934666149e+06 1.414527798774341121e+07 2.710102111119604483e+07 2.519102173917609826e+07 1.347206642796986736e+07
5.563731813605374191e+05 3.555635790415544529e+06 1.230870434629517980e+07 1.006030069317796826e+07 9.711858372310535982e+06 1.066745801468556933e+07 1.367206890495834313e+07 2.339768026003000513e+07 2.046574118849753961e+07 1.656729011717234924e+07
1.521069600286526047e+07 1.620987338604840823e+07 4.239462234797164798e+06 1.843766642336109281e+07 2.102650637598827481e+07 1.379969561720256135e+07 8.391312506745789200e+06 1.649105047952869534e+07 3.273387950510715321e+07 3.773100197529985756e+07
2.262430086853000149e+07 1.579510741141370498e+07 1.131865904542673938e+07 1.538067160846078210e+07 1.231864792920575105e+07 1.100870084868683107e+07 4.541245356377461553e+07 3.111059904032500461e+07 3.212440689468574151e+07 6.500672056673138589e+07
4.633908453085256368e+07 2.596443123278547078e+06 6.360324145469312556e+06 6.854318287659211084e+06 5.517760723201937973e+06 3.490623899915926158e+07 3.502349149535580724e+07 1.830747897878613696e+07 1.187868839576884545e+07 5.230268283731123060e+07
5.348078828272668272e+07 6.500976357404218987e+06 5.198205840566890314e+06 7.827802833520100452e+06 1.123641635031999275e+07 4.264839919193141907e+07 3.835987364950803667e+07 2.063194185654998943e+07 9.220108923679312691e+06 1.385622941718431190e+07
2.070911640493908152e+07 6.769269064970377833e+06 9.531082846902402118e+06 2.012282279505336285e+07 3.359647935522085428e+07 2.576789315484448150e+07 1.067471993682189286e+07 1.608923075142495707e+07 9.736447310568125919e+06 3.180898254629458487e+07
5.075504732652734034e+06 1.598584923740573786e+07 1.194357370278253779e+07 1.460493811614691466e+07 1.283711369870607741e+07 2.045658496058494598e+07 4.261654702763829380e+07 1.997337542024084181e+07 3.693986663435148448e+07 1.053545221726806611e+08
1.920375606741335988e+07 3.595831692724088579e+07 2.468748688715619966e+07 1.318608421353682317e+07 3.563148253303335607e+07 1.988777005226003379e+07 4.068810131771191955e+07 1.860167720057253167e+07 9.577870877298718318e+06 1.667628774277538657e+08
4.474833861804953963e+07 4.361238790030188113e+07 2.026226245967140421e+07 2.870198981800809503e+07 5.091249568908212334e+07 4.137555588308800757e+07 4.016857466620007902e+07 5.297867160554011352e+06 1.770815664389374480e+07 1.151363946605874784e+07
9.356339617719106376e+07 1.930549291809151648e+06 1.608693302268167026e+07 5.884877087300938368e+07 5.923886040767581016e+07 1.616531677249760367e+07 2.285392909187570959e+07 2.980095389811878279e+07 3.095765940214694291e+07 3.774441273430367559e+07
1.809735039379015937e+07 8.418069903164317831e+06 2.247299148328080773e+07 2.050039647415062040e+07 4.858571488824374229e+07 2.872299723538110033e+07 4.828430413362719119e+07 9.398602996031668037e+06 7.466881198203347623e+07 4.719090806802362204e+07
1.324605380774526112e+07 1.383464832447049767e+07 8.970472117092508823e+06 5.529685741741798818e+07 1.433878997715755701e+08 1.135890804658954777e+07 7.002718677782183886e+07 6.838019840812079608e+06 7.665218395550873876e+07 9.575062966760525107e+07
1.273057539495444670e+07 2.192786103860381991e+07 1.816624461732869968e+07 3.400352545076327026e+07 5.551210584203702211e+07 1.205863114204379171e+07 3.602684871088086814e+07 5.070432326825422049e+07 1.477834269844267517e+07 3.601462170091537386e+07
4.370034648482228816e+07 5.745703142755373567e+07 4.381531898616911471e+07 2.210322243133027107e+07 8.542937597094252706e+07 3.752706881751004606e+07 7.754125734759068489e+07 1.823546384369143844e+07 5.727570134918981045e+07 3.200309095972859114e+07
1.820165672969515994e+07 4.728800427754976600e+07 8.267430752897974104e+06 4.573663411922800541e+07 6.150045797720889002e+07 1.745470290009048209e+07 8.195123048738910258e+07 3.103644846394463256e+07 3.639193482067317516e+07 3.773668337878406793e+07
3.684024224205254018e+07 1.316334418033033051e+07 3.911543918397393823e+07 1.659398425614342280e+07 7.588025599324138463e+07 2.356179680407289043e+07 8.003680768006576598e+07 5.113455994668234885e+07 3.853092199160223454e+07 1.996435761022264883e+07
2.962307852651348710e+07 7.330898128056514263e+07 2.279129935694702715e+07 2.081638387584997341e+07 1.012412615363692492e+08 2.180114666357633099e+07 2.428206572301084176e+07 1.189661380430936627e+07 6.650788588876502961e+07 3.862760928628339618e+07
2.041635260409699008e+07 9.874034259104178846e+07 7.526559361116477847e+07 2.927711405680559576e+07 3.793958854881197214e+07 1.602537899828153849e+07 1.872267648267839849e+07 1.804301206483284384e+07 3.861565657787688822e+07 1.023245305875244550e+07
1.041880470217819065e+08 3.096143409761329181e+06 1.376626938114771806e+07 3.121841931403781101e+07 3.604230609122817218e+07 2.646580010535914451e+07 7.529855593387277424e+07 2.487081206605068594e+07 2.765690384752979130e+07 3.018846244188693538e+07
2.775959256156104803e+07 7.858560857472240925e+07 5.580247070051622391e+07 7.420564455980895460e+07 5.853044716092108935e+07 7.447315435769346356e+07 7.488326101440410316e+07 1.719914199564334005e+07 4.513731360121165216e+07 9.803479293867318332e+07
3.067671145349702612e+07 2.944211901492594555e+07 5.282585947391431034e+07 1.053336226223477274e+08 2.492755809459909424e+07 1.864876359750714526e+07 8.563503410125502944e+07 6.365436741079167277e+07 4.072134559600117803e+07 6.701116529890684783e+07
4.367584543555922806e+07 1.169742493116409332e+07 8.568650736298906803e+07 8.555402458228265867e+06 3.798433050236891955e+07 2.434544024493433535e+07 5.052636655356069654e+07 2.041180707490468770e+07 1.868958696340503544e+07 9.248447960538367927e+07
6.253873053682523966e+07 3.295431809642998502e+07 5.311515193977849931e+07 1.066596958914110251e+07 4.447651333148042858e+07 9.409984225434700027e+06 6.890246147061549127e+07 4.352710276408872753e+07 7.242225111459000409e+07 6.603555013650622964e+07
4.572638252945392579e+07 1.347717633278412372e+07 2.725632465445270389e+07 8.231557450641818345e+06 8.503000548337784410e+07 1.466959444000006653e+07 5.564453108955539018e+07 3.822686308906251565e+06 6.798526824612420797e+07 2.413255182714693621e+07
4.689027953961075842e+07 4.482853188341809064e+07 5.209256637859874964e+07 3.718177413848829269e+07 3.559129380309897661e+07 7.004515995187397301e+07 3.859299518926273286e+07 1.009475088566666842e+07 1.784304010328499377e+08 8.981618111861215532e+07
3.205278392556244507e+07 3.699741410897437483e+07 1.224691182747977972e+08 2.889199998332981765e+07 4.884525131314675510e+07 2.247942115057568252e+07 4.213763783224610239e+07 4.421257421665263921e+07 4.648899118648698926e+07 9.780713487917418778e+07
7.931439408443757892e+07 4.775005783954299241e+07 1.880502119144724309e+07 4.620160849090665579e+07 4.144621279292944819e+07 5.659209845492459089e+07 9.797586862797631323e+07 3.391423710715033859e+07 4.560569179216600209e+07 3.099047259789008275e+07
3.027143919354231656e+07 4.481831648322942108e+07 1.089257358585522920e+08 3.553316855032902211e+07 5.319453140779692680e+06 3.538299532157281041e+07 1.291700443953996897e+08 3.702774663845637441e+07 3.125664800283421949e+07 1.316743737991408557e+08
3.705468888197240978e+07 7.437866052859757096e+06 5.747009927455044538e+07 8.629123706450103223e+07 4.483241497537877411e+07 2.630597550110286847e+07 9.907720735855811834e+07 4.133950872853326052e+07 6.152325995032313466e+07 4.447552067021833360e+07
1.825536823741545528e+07 2.093654907991037518e+07 3.376729928622736782e+07 7.149301242659160495e+07 1.159427324418757856e+07 4.267891924098008126e+07 6.960890871775856614e+07 3.463600219885515422e+07 3.066144582479637116e+07 1.696880503987069055e+07
1.317504068816344291e+08 8.691577834436766803e+07 8.620567737961970270e+07 6.900133061483229697e+07 8.084625209506848454e+07 9.097624144172444940e+07 1.106585889978832603e+08 2.191128270931172743e+07 5.756793184686358273e+07 4.651886290622298419e+07
1.733151530442910641e+07 3.193488398687342554e+07 9.556957894762597978e+07 3.999491948691489547e+07 5.798269562217457592e+07 4.105808171049249172e+07 2.245876148137693405e+08 3.789254451907002181e+07 3.303888323998298123e+07 9.094660357417872176e+06
