6.120351260298421606e+06 7.691365876228692010e+06 9.610162903584668413e+06 1.125999271643625572e+07 1.188500133685802110e+07 1.102838822761247493e+07 9.034232726609947160e+06 6.900246209895676933e+06 5.539121770035706460e+06 5.308945638433721848e+06
5.988156782559811138e+06 7.848497248885563575e+06 1.013052870269444771e+07 1.212230619799815305e+07 1.289493940269757994e+07 1.185184825750876591e+07 9.413371861339956522e+06 6.837746928960435092e+06 5.240112081517459825e+06 5.006879419501186348e+06
5.706912170855575241e+06 7.890723812992640771e+06 1.058263209041976742e+07 1.297302370381662808e+07 1.392581645427815244e+07 1.266154394196969084e+07 9.691077677041705698e+06 6.600421080121390522e+06 4.745765374809831381e+06 4.526935388042944483e+06
5.255271073587852530e+06 7.792590718937572092e+06 1.093772817927059904e+07 1.378684865093166940e+07 1.495854831377905793e+07 1.343439770215323009e+07 9.831457798935767263e+06 6.147510965511678718e+06 4.023165601153393276e+06 3.846100529977383092e+06
4.617706888875313103e+06 7.529544826888281852e+06 1.116290083901500516e+07 1.453163463859533705e+07 1.596798257177784108e+07 1.414194095868309401e+07 9.793203521329903975e+06 5.435919403332433663e+06 3.043302674903914798e+06 2.950294539438553154e+06
3.790591564395799767e+06 7.080706805063339882e+06 1.122173032704304531e+07 1.516743786801683903e+07 1.692186147233972326e+07 1.474997013109841943e+07 9.530189837330918759e+06 4.422626340984364040e+06 1.790323280656464631e+06 1.851963303734586341e+06
2.795547454562608153e+06 6.432885149077567272e+06 1.107562542860435322e+07 1.564570432442214713e+07 1.777980240248647705e+07 1.521851727334281430e+07 8.992838026155343279e+06 3.068383696142998058e+06 4.233252645883805235e+05 7.701394444621747825e+05
1.731153283935955027e+06 5.586360209948009811e+06 1.068604242031809501e+07 1.590874869619960152e+07 1.849239664987871423e+07 1.550231626690572686e+07 8.130567936149975285e+06 1.342988130591521040e+06 1.714398385707007488e+06 1.422452932308681775e+06
1.118499621155581437e+06 4.563836479811288416e+06 1.001782763322409615e+07 1.588975091870202497e+07 1.900057516542689130e+07 1.555199754397256300e+07 6.895850551714698784e+06 7.678537867218202446e+05 3.797671712639340200e+06 3.049089829168810043e+06
1.862338182486270089e+06 3.427821443807274103e+06 9.043908132965667173e+06 1.551358743444415927e+07 1.923545075020745397e+07 1.531629862033632211e+07 5.251151222949697636e+06 3.252938456519557163e+06 6.077480734401315451e+06 4.799277771174693480e+06
3.088241010842434131e+06 2.330532396570315119e+06 7.751518088502888568e+06 1.469894153516987711e+07 1.911891916687972099e+07 1.474562934726824239e+07 3.186456764534420334e+06 6.066068596548091620e+06 8.422380461678098887e+06 6.485738689590206370e+06
4.229337152539905161e+06 1.672890562472466379e+06 6.150185826327350922e+06 1.336235161026480235e+07 1.856538484257139266e+07 1.379737862172970362e+07 9.454362981793542858e+05 9.113857814477635548e+06 1.065876129910878278e+07 7.925340088021368720e+06
5.047519602638131008e+06 1.932461910566659644e+06 4.282635747481165454e+06 1.142539524676737934e+07 1.748506568690733984e+07 1.244341871084482595e+07 2.554638192581522744e+06 1.224545108010676131e+07 1.256164748959583417e+07 8.910423139858771116e+06
5.349241184101817198e+06 2.612491828760925215e+06 2.251239899690310936e+06 8.828484864951476455e+06 1.578942492791526392e+07 1.068050392070707679e+07 5.804223112314768136e+06 1.524545135348430090e+07 1.386426683766989037e+07 9.227307686672588810e+06
4.974584483712114394e+06 3.115599133362277877e+06 7.123944997653592145e+05 5.571751673658839427e+06 1.339941367949401960e+07 8.545424542056454346e+06 9.321656603145778179e+06 1.783481053062583506e+07 1.428794085430814140e+07 8.703837636439342052e+06
3.837038530530273914e+06 3.196676577098484151e+06 2.241187535861679818e+06 2.147173133784918580e+06 1.025771720349106565e+07 6.143189514803555794e+06 1.287971823838627338e+07 1.968607687765330821e+07 1.360664910912385397e+07 7.313869568609092385e+06
2.010774863688875223e+06 2.840177254082351923e+06 3.995571824371157680e+06 4.075729577204850037e+06 6.350469771732988767e+06 3.741381018257229123e+06 1.622203213072910905e+07 2.046231867726588249e+07 1.178585514755488187e+07 5.480369590314613655e+06
1.017243279907389311e+06 2.432771361246608198e+06 5.276961242846636102e+06 9.210703307101491839e+06 1.861189783817958552e+06 2.309928282438689377e+06 1.904937148137916252e+07 1.989456320962285250e+07 9.342373034621862695e+06 4.938962908912755549e+06
3.311480603269716725e+06 2.888167923281250522e+06 5.846391981137878262e+06 1.486374407105048560e+07 3.912645316382269841e+06 3.313750868844473734e+06 2.104855118075239658e+07 1.792850284471398965e+07 8.218431080466085114e+06 7.277163015671882778e+06
5.374829625270240009e+06 4.242157348228506744e+06 5.550705980763146654e+06 2.054912547911827266e+07 9.678265146412825212e+06 4.980842503335399553e+06 2.195039016121982038e+07 1.502351991663004644e+07 1.070680975284010917e+07 1.067351530732041597e+07
6.251668267072745599e+06 5.668357102359040640e+06 4.375614181645973586e+06 2.576216186768322065e+07 1.569117808743661828e+07 6.059180673776584677e+06 2.162320553404371440e+07 1.273471402113525756e+07 1.517446320876814239e+07 1.331282074817516655e+07
5.408169920222079381e+06 6.899055445600573905e+06 2.525698767897120677e+06 2.988926694715008885e+07 2.150210590377152339e+07 6.113180097119989805e+06 2.021186412762515992e+07 1.350605039692196809e+07 1.892347081477098539e+07 1.401598587056881003e+07
3.839044360280421097e+06 9.115047455483263358e+06 6.971309330073968740e+05 3.223175797164883837e+07 2.659630153152797744e+07 5.059436831034737639e+06 1.832402378180763870e+07 1.713853784925453365e+07 1.998574847469893843e+07 1.215130211525919661e+07
6.656464892268417403e+06 1.458309083899507858e+07 1.652003137296182103e+06 3.208122890168222785e+07 3.039226151597724110e+07 3.809204998798214830e+06 1.714156359907776490e+07 2.069459659426265955e+07 1.704200823589996994e+07 8.186115593971853144e+06
1.237239073130111583e+07 2.392585837656776607e+07 2.930617910174489487e+06 2.885399766890259832e+07 3.230299276599139348e+07 5.477420904981934465e+06 1.790763925955839455e+07 2.164231913591274992e+07 9.942035225640416145e+06 5.655724849212979898e+06
1.684427539937341958e+07 3.577182878760863096e+07 5.577465284772605635e+06 2.230968714330826700e+07 3.183655133417493105e+07 9.809583168850330636e+06 2.072159008655361831e+07 1.863847198621066660e+07 4.461354182388179936e+06 8.460769408056342974e+06
1.709046606815403700e+07 4.746918975344236195e+07 1.196835737858954258e+07 1.303681726580113731e+07 2.872960606838282943e+07 1.453319361797451787e+07 2.459777931513436139e+07 1.258609142805925198e+07 1.354407770612921566e+07 1.034701866101405397e+07
1.130318013390625454e+07 5.548631535103363544e+07 2.219650332193079591e+07 6.711645721573105082e+06 2.309614895058111846e+07 1.816279551383733749e+07 2.849179382251496986e+07 1.108168730214520916e+07 2.065397516544670984e+07 7.619948728252485394e+06
1.405615314023199724e+06 5.634432055055847764e+07 3.479931207806628197e+07 1.573588918408294395e+07 1.556011277592981420e+07 1.947684639247247949e+07 3.131962993232760951e+07 1.872654512993010134e+07 2.049353077558460459e+07 3.194481033615089022e+06
1.251562007045174390e+07 4.815174762897357345e+07 4.693945455356718600e+07 2.620216536658125743e+07 7.386103568854905665e+06 1.769696742563156784e+07 3.133083384204588085e+07 2.507470232921941206e+07 1.405578498982950486e+07 1.052465912618755549e+07
2.000995835738654435e+07 3.213205561710840091e+07 5.477837710703643411e+07 3.200516950309812650e+07 2.764340695875464939e+06 1.288281528684905171e+07 2.604498985103405267e+07 2.523268273453923315e+07 1.622498777210021764e+07 1.793056586530316994e+07
1.872086136053351685e+07 1.307977235148998909e+07 5.468039495206143707e+07 3.001462652542636916e+07 6.829031659827054478e+06 6.297209038266289979e+06 1.369298189936109260e+07 2.152696318563120812e+07 2.569616656992639974e+07 2.654346462719352543e+07
1.648840922926587984e+07 3.078055829029055312e+06 4.510316156799406558e+07 1.885087016732802615e+07 8.781095122629871592e+06 2.886570236310107168e+06 9.289859459289696068e+06 2.265876361040157825e+07 2.419367011263451725e+07 3.977092393516369909e+07
2.433362786696807668e+07 9.832487837667115033e+06 2.860118348077010736e+07 5.949520509493407793e+06 7.500781909056426026e+06 6.845892731636144221e+06 3.022396102086017653e+07 2.548906624410422519e+07 1.019976451365720481e+07 4.627508123113416135e+07
2.603349744209051877e+07 8.767170902971085161e+06 1.457516699624747410e+07 2.613433711024597660e+07 4.370351010713980533e+06 9.700643685347460210e+06 4.548435856640195101e+07 1.869703301724109426e+07 1.982164789033560827e+07 3.026610119179182500e+07
1.356323656089380011e+07 5.305171938868147321e+06 1.671529657839167863e+07 4.560433322852843255e+07 1.814247600227876101e+06 1.224967561931012012e+07 4.527731862184411287e+07 1.064122019683184661e+07 2.395803805411726609e+07 7.160125877739182673e+06
4.390797087058195844e+06 5.016985830362881534e+06 2.008291758927820995e+07 5.282373909196131676e+07 2.731768126540008001e+06 1.446450145987944305e+07 2.914656945230811089e+07 2.373758419571091235e+07 9.294912727317925543e+06 3.720900149395018816e+07
8.855232981168627739e+06 1.015582531333142705e+07 1.718711293723141402e+07 4.240665304960346967e+07 8.768937349203446880e+06 1.338016546071351692e+07 1.769701830842368305e+07 2.463128710916395485e+07 4.971926935361085087e+07 2.651169275327906758e+07
3.157491945872775745e+06 2.029782191466270015e+07 1.083422275600710325e+07 1.772103065529371798e+07 1.640365390016608872e+07 7.967724215980441310e+06 2.347221751305257156e+07 1.702221729013622552e+07 7.043945103859870136e+07 1.902948816237336770e+07
9.318020738224204630e+06 2.865817586050610989e+07 2.210729022419412620e+06 1.839648985237900168e+07 1.929012744038696587e+07 6.953364687656567432e+06 1.973031102811758965e+07 2.275257058948469162e+07 4.900142727850230783e+07 4.222675156523096561e+07
3.477695485827993602e+07 2.402748707864374667e+07 7.837075474001483992e+06 3.620409795100250840e+07 1.111972077265419811e+07 1.504886003945539333e+07 2.553370479083901271e+07 6.843186023189121857e+06 2.499531339255961031e+07 9.733714966553457081e+06
4.932375916750264168e+07 3.239023932768781669e+06 1.410618702935475670e+07 3.402606249941094965e+07 9.202116019259979948e+06 2.388169391756447777e+07 2.586148939400980249e+07 2.788343321275741234e+07 2.658085440498811752e+07 3.038185542446665093e+07
2.462729623528599367e+07 2.560603345658966154e+07 1.735049094626990333e+07 1.883260621383758262e+07 3.060456126912760362e+07 2.904178852172917128e+07 3.539838934790538251e+07 2.781112104034467787e+07 5.327301043462728709e+07 3.475480707564546727e+06
9.310108130203938112e+06 2.432664253244704008e+07 2.533619080668646097e+07 1.557852877764790505e+07 3.860380990309659392e+07 2.600796937333603948e+07 5.507689914132098109e+07 1.862992993843410909e+07 3.130053640435487777e+07 3.726614371923208982e+07
1.011431378502590023e+07 7.281191976823826320e+06 3.234214126720296964e+07 1.313227392713632807e+07 2.576265077441574261e+07 2.356403912527640164e+07 2.964137956766398251e+07 3.806009389993840456e+07 2.485761316502749920e+07 5.014428730698538572e+07
2.490643889096976444e+07 2.025316456079002842e+07 1.192947095557307266e+07 5.836110263959210366e+06 7.773823081539653242e+06 2.817705574103934690e+07 1.243797225183065236e+07 2.419340197025423869e+07 1.639628471710043959e+07 2.106154507247269526e+07
1.376084071892202273e+07 1.198695098853785172e+07 5.226625732158265263e+07 1.156295857508790679e+07 1.284138443236377090e+07 2.849122965290435031e+07 1.271748627656873316e+07 2.850505169603144005e+07 4.196732935888550431e+07 4.137411197747936845e+07
1.846692518025438488e+07 3.957594012558293529e+06 1.039804107105775177e+08 1.901235002610460669e+07 2.164780091764394939e+07 1.678563242869075015e+07 2.747274175382850319e+07 2.444413973133827746e+07 3.075264764579728991e+07 2.606604679295591637e+07
2.103945525101924688e+07 2.109564339602752402e+07 6.909663704933722317e+07 1.351129624929940328e+07 3.425520149756399542e+07 7.183719651382988319e+06 2.433573180038400739e+07 1.923734939505970106e+07 1.208019937081405893e+07 3.037155944449878111e+07
2.450956582432399318e+07 1.232180398586137220e+07 2.675983181816509459e+06 7.914412566684013605e+07 2.140858550366820022e+07 1.769529998305566236e+07 3.798945111890292913e+07 1.949312935947144404e+07 3.879649866537822783e+07 2.545062416048436612e+07
1.194859123513693176e+07 3.293466094090596959e+07 7.901632797912434675e+06 7.919092813374994695e+07 1.412913332536408305e+07 1.583202488415079378e+07 3.424806662191649526e+07 2.101034558497698978e+07 7.042109643783645332e+07 3.504767790801373124e+07
1.526093388553776219e+07 6.115175416669151746e+06 4.386346640680903196e+07 3.440847967122881860e+07 3.202210487406521291e+07 3.603773765904682130e+07 2.317049598067557812e+07 2.531056742122501135e+07 3.186630368260613829e+07 3.324520855222602189e+07
2.897592134469848126e+07 5.367652651362502016e+06 1.281443928828412443e+08 7.368299054804916680e+07 1.244502758250166662e+07 2.203660043540269136e+07 5.166337737538702786e+07 5.629552048355624825e+07 3.224091189427656308e+07 4.018222674761664122e+07
3.399508831269212067e+07 4.124098872582462430e+07 1.310509165538938344e+08 8.799042960313561559e+07 2.416137532667702809e+07 1.449339539734485559e+07 4.539120905833840370e+07 2.978018915861609578e+07 3.024274250816173851e+07 2.677501228871617094e+07
2.283826154791128263e+07 7.942992615086255595e+06 2.558661369942447916e+07 1.418922224047270715e+08 6.349305028155776672e+06 8.409835427198650315e+06 2.374491202418877557e+07 9.824948393369930983e+07 1.472258969567722641e+07 5.473757571565708145e+06
1.349113349239230715e+07 4.041787895883960649e+06 2.976854828890544549e+07 5.959638141898848861e+07 1.614903747651575319e+07 3.154511711206407845e+07 7.421294658538590372e+07 9.399751385531504452e+07 2.504693268655668199e+07 2.978887964307931438e+07
2.710568975695766043e+06 9.501678673429273069e+07 3.557954076449149847e+07 2.945854566292463616e+07 1.533325084082415514e+07 4.800067894853119552e+07 4.642269309080830216e+07 1.596748793017419279e+08 2.758631572109869681e+06 1.718127396946159005e+07
5.937055755345763266e+07 2.194085623510645330e+07 4.481091759131499380e+07 6.690477768998420984e+07 2.544011837821890786e+07 2.421214651692379266e+07 4.441175846781790257e+07 1.311823380465306044e+08 2.942011611114104092e+07 5.286772908873601258e+07
1.341293515129412524e+07 1.013065913364722766e+07 4.806245826770272106e+07 4.006342097367776930e+07 1.024479746285132170e+08 2.981623021629161760e+07 4.452390496253296733e+07 2.131158791587287560e+07 4.379357922321575880e+07 1.079413747234244458e+07
1.594032166032632254e+07 7.488101986551629007e+07 1.979718349226390198e+07 4.206418350954798609e+07 1.226793617985074520e+08 2.033587935810148343e+07 6.616730012121369131e+06 8.311992450738660991e+07 7.267026296740065515e+07 1.968106268999477103e+07
2.010132543634464592e+07 5.527091067834998481e+06 3.359620862053407729e+07 5.380161096061921120e+07 1.458574461430276744e+07 4.147862723103776574e+07 2.277680920979106054e+07 6.477702662856984884e+07 1.933217891702038050e+07 1.872263398641170934e+07
1.657246465806335397e+07 6.531404711543526500e+07 2.320309277677488700e+07 6.155879658317606896e+07 2.579948065101575479e+07 2.701314572204736248e+07 4.718662841809953749e+07 2.128606870771650225e+07 5.039800591237884015e+07 9.048583393517921865e+07
2.618048510980540514e+07 8.283661616958229244e+07 1.058283382782067657e+08 2.530787528260300681e+07 5.488116516907852888e+07 1.330562483357850909e+08 5.728625600400540978e+07 6.721292850887160748e+06 1.813037411433604360e+07 4.421377595726755261e+07
8.182658493416453898e+07 1.264369685979153402e+07 2.786488289145117626e+07 1.489181546571187675e+07 6.328099971598024480e+06 9.594211944171717763e+07 1.089865666523143835e+07 1.103254355089321360e+07 5.864724185679879040e+07 1.615225698677146249e+07
8.273956727387227118e+06 5.338035181651148200e+07 3.480412765511288494e+07 2.768458622309149802e+07 2.479372649334990978e+07 4.832872801745115779e+06 3.057433221344391257e+07 2.443011134135685116e+07 1.065371036888761818e+07 6.546193962074668705e+07
3.317874501480907202e+07 3.076840722406345233e+07 7.994000449455701746e+06 2.847488910245464742e+07 4.542049546170729399e+07 1.862316645790921524e+07 8.260483540314161219e+06 9.554667354439896345e+07 3.285942109341077507e+07 5.361989490560479462e+07
2.551348653593334183e+07 2.472087412645461410e+07 2.199810293988269940e+07 1.897873246585966349e+08 1.366132449705452919e+08 2.121106289665058255e+07 1.900914475657177269e+08 2.252901264821839035e+08 2.989606431789980084e+07 3.226873140750344098e+07
1.680790287355454266e+07 1.765142541344746947e+07 4.331650507061664760e+07 3.958124096300552040e+07 5.662362375068016350e+07 1.857174112149611115e+08 3.160290857332412153e+07 5.928699385832388699e+07 2.593894414929823577e+07 1.159371273279172331e+08
2.855234002599802241e+07 3.888547630092337728e+07 9.107547088895171881e+07 4.080766699756666273e+07 4.166246418283519149e+07 1.275409316405969486e+07 6.569637854364447296e+06 4.113503253118021041e+07 8.474238532120461762e+07 4.445922409737629443e+07
1.003860509930863082e+08 3.752476633651417494e+07 3.422883816620291770e+07 6.595009045725174248e+07 1.954244607171291113e+07 7.231924060500074923e+07 3.219268634589991719e+07 2.817703580666945130e+07 3.200320213043981045e+07 1.139562983821853846e+08
1.284111245216359198e+07 3.153552146316718310e+07 2.313708326424052715e+08 9.430608059080252051e+07 4.430214926761503518e+07 8.897383539698860049e+07 6.351042708180498332e+07 3.415798423653523624e+07 4.065206861688945442e+07 5.106548369733957946e+07
1.597897322856963277e+08 8.788123079423518479e+07 3.748869584059721977e+07 3.619000330963066220e+07 5.643620656288290024e+07 1.286078551457388103e+08 7.474088240509536862e+07 7.983657947856037878e+06 3.715040632433892787e+07 1.261687798030709624e+08
4.289183944179827720e+07 5.412590173981499672e+07 2.452627380443198979e+07 8.853350493813030422e+06 3.367601309485854208e+07 2.684710214556300268e+07 3.764888477232278138e+07 2.260596756910748035e+07 4.145892022781028599e+07 5.369679199677164108e+07
3.353927993708313629e+07 1.342426420175300725e+07 4.917039691461301595e+07 1.918971333494687676e+08 4.725604380335127562e+07 2.137522604206885770e+07 3.455293212679665536e+07 2.852314360275379196e+07 3.286319938224224746e+07 2.591860420220671222e+07
1.145529398924614489e+08 2.369630789957980439e+07 2.459109571613631845e+08 6.300684049756031483e+07 8.344956931421898305e+07 9.772091328411476314e+07 7.698649887779742479e+07 1.078491090381603688e+08 3.003043065470984578e+08 1.734591974050454050e+07
2.747109730945992470e+07 4.424866754316706210e+07 1.391684074562444985e+08 1.300832758757737428e+08 4.986827533332851529e+07 3.294297271729476377e+07 6.664521050181002915e+07 9.477120338653087616e+07 7.273979365230768919e+07 5.844695898791017383e+07
1.400667057104354799e+08 3.251761307760785148e+07 1.008155702677334100e+08 2.478745444947093353e+07 1.691882167707778513e+08 1.331854801618475020e+08 1.949144847970210016e+08 5.889024082498281449e+07 1.039775331404641718e+08 1.254380743360473514e+08
2.401620801153829321e+07 9.801067345687547326e+07 1.550426610618976057e+08 8.809373154204733670e+07 1.527370468051456474e+07 1.683993152885312438e+08 1.444624838397804499e+08 6.338554627851205319e+07 1.008522958167244047e+08 5.859887250786710531e+07
8.081284025074799359e+07 1.754768546117771864e+08 1.720153736832774282e+08 1.228506595571354330e+08 1.294512937734806836e+08 2.538810331094503403e+07 1.285238552038398832e+08 3.187720361663977802e+07 9.963328265234802663e+07 5.260943078412018716e+07
4.571282604458915442e+07 2.569271004092149734e+08 4.368593663443965465e+07 1.083247331067023277e+08 2.082828044404172301e+08 7.501837511448945105e+07 2.986429110481684282e+07 6.296904771385664493e+07 7.352450676755732298e+07 1.007004352256803364e+08
8.300083918278869987e+07 8.741314045306317508e+07 7.298153919241556525e+07 1.009315198853003420e+07 4.711724447635246813e+07 2.495590595940785855e+07 8.160891579421009123e+07 1.270118190292394161e+08 1.497337726689684093e+08 1.542150570975582115e+07
5.532844050879756361e+07 5.531671299901852757e+07 7.766927552494627237e+07 1.116440918172123581e+08 6.796121400407129899e+06 5.201891734583603591e+07 8.632889133420493454e+06 2.107292146397824213e+07 6.458451558590891212e+07 1.075960219138387144e+08
6.180350901408660412e+07 1.994984574644181132e+07 1.607831146364766359e+08 1.365698197914290130e+08 4.013054769990836084e+07 2.113155100908990204e+07 5.171404844148749858e+07 4.373875970051723719e+07 6.747534037038631737e+07 5.284573809698747098e+07
4.400001443188985437e+07 2.489539104165485501e+08 6.050384421566830575e+07 2.369148318057401478e+08 3.720184188296074420e+07 1.524094725570703745e+08 7.803364860068537295e+07 5.292841187420084327e+07 4.893172380097539723e+07 8.230022157845818996e+07
7.100847166280139983e+07 7.461926144182308577e+06 5.079641012966704369e+07 5.756575752705481648e+07 6.167898555692945421e+07 6.046333372739692777e+07 4.420517212386168540e+07 2.298528266366948783e+08 3.257831102087738365e+07 2.671780895780728012e+07
5.856541611456616968e+07 4.514557241071178019e+07 1.458459219655964337e+07 3.432025378983124346e+07 5.361010598234055936e+07 4.120098334714736044e+07 9.337494236906684935e+07 4.154706387177078426e+07 9.351574775885809958e+07 2.863519045578185916e+08
9.081006275391021371e+07 2.077362046152608842e+07 1.806701128438471630e+07 9.262981468700417876e+07 9.607795085617882013e+07 7.356937593144427985e+06 5.224113754064273089e+07 5.955805945323713869e+07 1.795553917994010150e+08 5.311795759966171533e+07
4.281903781094205379e+07 8.109163767501524091e+07 6.529255777562232316e+07 3.348394430875776708e+07 2.233059551810123026e+08 7.785279601989591122e+07 3.318849837026593089e+07 5.802408645877910405e+07 1.186648292725993544e+08 7.180159953599243164e+08
