8.116217478847778402e+06 7.827999493787415326e+06 8.240654184170839377e+06 9.191532130161747336e+06 1.027027001361705549e+07 1.102470093975424208e+07 1.119700463414413109e+07 1.078986397364715301e+07 9.957688485919827595e+06 8.947673589646909386e+06
7.838595781561898999e+06 7.499642179468850605e+06 8.010466535624675453e+06 9.171931964514803141e+06 1.047713650837077200e+07 1.136856932073110901e+07 1.154433546552759036e+07 1.103420011071287096e+07 1.003510992348718457e+07 8.831140040758108720e+06
7.319812351164990105e+06 6.924287180338642560e+06 7.553138818301139399e+06 8.965588956366579980e+06 1.053707258348167874e+07 1.158060644767821021e+07 1.174581863716826960e+07 1.110628768192725629e+07 9.915018659537304193e+06 8.493671056508248672e+06
6.524315819281737320e+06 6.066132448774156161e+06 6.833575829271632247e+06 8.541892041979348287e+06 1.042303869394208118e+07 1.163078468977282569e+07 1.176258079211751930e+07 1.095993084321151674e+07 9.550972180826712400e+06 7.894582943393059075e+06
5.436672267998530529e+06 4.908856320408020169e+06 5.829561586540228687e+06 7.879708500914539210e+06 1.011492063241582550e+07 1.149256240558477864e+07 1.155512608357955515e+07 1.054568561138165742e+07 8.895340848255129531e+06 7.001494180175177753e+06
4.111409848525784910e+06 3.508563882924883626e+06 4.558343837738191709e+06 6.981430351303421892e+06 9.608268185859620571e+06 1.114895141366664134e+07 1.108768618367169239e+07 9.813696273062855005e+06 7.903598463693820871e+06 5.808960159634246491e+06
2.898441049762822688e+06 2.291599841141156852e+06 3.182795310380407143e+06 5.905771156817440875e+06 8.929574447820957750e+06 1.060245240566705726e+07 1.033595732560268044e+07 8.718593529395554215e+06 6.542338578417002223e+06 4.398783085269597359e+06
3.045728612320910208e+06 2.822061868276416324e+06 2.493642977983231656e+06 4.852191665920251980e+06 8.162685161590926349e+06 9.891009337326122448e+06 9.301372375654030591e+06 7.228385422075938433e+06 4.808579785876054317e+06 3.192590828801426105e+06
5.068438416917491704e+06 5.107317505342672579e+06 3.728322260666817892e+06 4.324771315400284715e+06 7.488097617042011581e+06 9.111935328803656623e+06 8.039742502687798813e+06 5.345262689901072532e+06 2.817659082161122002e+06 3.453085708488054574e+06
7.967892591650413349e+06 8.029410189759550616e+06 6.138329239649787545e+06 4.971467645770957693e+06 7.204764510577303357e+06 8.448440251281432807e+06 6.723541309795867652e+06 3.195929679132018238e+06 1.716517393403330585e+06 5.537692914427716285e+06
1.122792008554969542e+07 1.118066395357553661e+07 8.945216763287076727e+06 6.732685726532076485e+06 7.624762964584727772e+06 8.162236175647050142e+06 5.758464214091287926e+06 1.902498862437210977e+06 3.741431729388387874e+06 8.447565941224614158e+06
1.454176156764726527e+07 1.427743159556301869e+07 1.179786414387896843e+07 9.070740480331692845e+06 8.826355847221415490e+06 8.476444238994736224e+06 5.771482226050483063e+06 3.902162954300662503e+06 6.725888347955522127e+06 1.162973948712016456e+07
1.759004267589545995e+07 1.699917922663741186e+07 1.439808653954720870e+07 1.156539918852722645e+07 1.059615385503186285e+07 9.385159186705686152e+06 6.971663870718650520e+06 7.028434390945213847e+06 9.822411363145720214e+06 1.472735750917511992e+07
1.999695927499631047e+07 1.896722600596771017e+07 1.642088357444983535e+07 1.390551266245584004e+07 1.261544318873042800e+07 1.062492004627231695e+07 8.831620473951019347e+06 1.028248592569677904e+07 1.266854164862464368e+07 1.737364094091295451e+07
2.133990455563665181e+07 1.976601526558757573e+07 1.751673047928022221e+07 1.581900184871764109e+07 1.458774477176664583e+07 1.182352468184360117e+07 1.071128124871248938e+07 1.328654932376947999e+07 1.488481412523663789e+07 1.915372155510205030e+07
2.119706279472092539e+07 1.900405971940879151e+07 1.734864113724853098e+07 1.706099240771095082e+07 1.626725015809989721e+07 1.262532861067782529e+07 1.209869966848508082e+07 1.568418428337412514e+07 1.604394235653691739e+07 1.962274966923362762e+07
1.924563512555048242e+07 1.644125678267704323e+07 1.566017070569008030e+07 1.743170554295786843e+07 1.746352130199891329e+07 1.276023629104493372e+07 1.257729052594817430e+07 1.711308374138866365e+07 1.570228436434788443e+07 1.836265477158794552e+07
1.546141651826355979e+07 1.230619134526162222e+07 1.238685392687794752e+07 1.680298450876699761e+07 1.804238825541409478e+07 1.211823674763945490e+07 1.184831384637746401e+07 1.725995481269770861e+07 1.346782150867995992e+07 1.508367685866524838e+07
1.069339854504659399e+07 8.558590472034104168e+06 7.917183247515234165e+06 1.513838260462435707e+07 1.791215884529569000e+07 1.086473788622628339e+07 9.873310384676788002e+06 1.597337536943463422e+07 9.109649271198606119e+06 9.818876269329451025e+06
8.737697616509551182e+06 1.068339282270747237e+07 4.694169052882942371e+06 1.250025600037592277e+07 1.698742742481072992e+07 9.569511137911519036e+06 7.336950931488969363e+06 1.347543756159323268e+07 2.874473486784701236e+06 4.091002170151863247e+06
1.327656435114153847e+07 1.749796084201705083e+07 8.114175498296373524e+06 9.073469489977162331e+06 1.515123464954631031e+07 9.050189909368298948e+06 6.833829519523215480e+06 1.079972636306392774e+07 5.964970927325666882e+06 7.856069164059120230e+06
1.932706864306873456e+07 2.399230406383879855e+07 1.356610599526399933e+07 5.424480530814368278e+06 1.227694830486019701e+07 9.427047468955496326e+06 1.009014704668240063e+07 1.016834875825339742e+07 1.488087473630017042e+07 1.573843712039914541e+07
2.276428885652033985e+07 2.724723787171570212e+07 1.771684403538588062e+07 4.241511166219614446e+06 8.395424086097668856e+06 9.613084346820918843e+06 1.415809391127089597e+07 1.245744235813647881e+07 2.327279440317689627e+07 2.206624478733278811e+07
2.118329733775648847e+07 2.527198367354124039e+07 1.929368151643707231e+07 7.488137728530027904e+06 4.240180411493745632e+06 8.426887370843367651e+06 1.639478105440647528e+07 1.518129071917015873e+07 2.934736711604753882e+07 2.473627096399024129e+07
1.399630589684985019e+07 1.763328308413407579e+07 1.775712771234813333e+07 1.104932570399364270e+07 3.687587541056609713e+06 6.215846937511804514e+06 1.503434536257825233e+07 1.585126784454559162e+07 3.145478335169321671e+07 2.251451468697286397e+07
1.032118177704602107e+07 1.014583271538322233e+07 1.327818770552572608e+07 1.273595447186327353e+07 6.307428374361253344e+06 7.536674416960374452e+06 9.230206589452352375e+06 1.324002961749457382e+07 2.867524478188098595e+07 1.642348362010708638e+07
2.444035855151627213e+07 1.937529574658746645e+07 6.565280710841822438e+06 1.168266298702000640e+07 7.165819330372985452e+06 1.306992853697951511e+07 2.801675629684885964e+06 7.966017932774220593e+06 2.159566965159885585e+07 1.404823880868861824e+07
3.934589722710490227e+07 3.124734629928513244e+07 2.264297692765826359e+06 9.405626346650600433e+06 7.638681028582775034e+06 1.750747572595757991e+07 1.312523436461952142e+07 6.085109518357066438e+06 1.306240595017194375e+07 2.153077269345473126e+07
4.524203841206729412e+07 3.425577734354125708e+07 1.107805442487358861e+07 1.042375588781246170e+07 1.325557155799549632e+07 1.714930498170945793e+07 2.215872693451999128e+07 1.072991522798179649e+07 7.988981577487176284e+06 2.781050684268302843e+07
3.664500217066027969e+07 2.445510752119389921e+07 1.960044570095649734e+07 1.272850267210317403e+07 2.130621896682473272e+07 1.050005307252790220e+07 2.380881194919700176e+07 1.209892274777019955e+07 5.348358802798575722e+06 2.493570247787613794e+07
1.546055158151204325e+07 1.144505808182630874e+07 2.486991795912177116e+07 1.117740949219788611e+07 2.541720224788787961e+07 5.295320570952652954e+06 1.572748472187667154e+07 7.312476717076334171e+06 2.647885164624507539e+06 1.201511302793698758e+07
1.781307235633373260e+07 2.660261297383271530e+07 2.401456019120790064e+07 1.483740816347305849e+07 2.174417977262916788e+07 1.556499491545544937e+07 1.364500559341794439e+07 9.345090999390745535e+06 1.626721802410814911e+07 1.325444397174985148e+07
3.270691991698533669e+07 3.558681266266102344e+07 1.686592041255306453e+07 2.986066245419895276e+07 1.363199312249918468e+07 2.052943945835553482e+07 3.247790577020630985e+07 2.103554206977625564e+07 2.845996243681139871e+07 2.700580796426644176e+07
2.372645940773531049e+07 2.184011583474993706e+07 7.573859765682999976e+06 4.009267290254828334e+07 1.201476045808457583e+07 1.509935451472867653e+07 4.399471224213559180e+07 2.579048471062059328e+07 2.925417902077111602e+07 2.420867499710016325e+07
1.269976255365464650e+07 9.377100357169492170e+06 1.264219536302352557e+06 3.460487342779821157e+07 8.960939423045812175e+06 4.758631433056466281e+06 3.562492932888538390e+07 1.882031399297597632e+07 1.382537733504711092e+07 4.984066409161038697e+06
4.171553314275035262e+07 3.276150210871957988e+07 8.611834783221354708e+06 1.637043459979727492e+07 1.380925071353556588e+07 6.286576605165757239e+06 8.443707958044448867e+06 1.440400342132150568e+07 1.178494583961284906e+07 2.998154149124994129e+07
3.775153192158721387e+07 2.332768049429748207e+07 1.583260948858453706e+07 1.023180751203474216e+07 3.143153347614346817e+07 5.702489780442972668e+06 2.106406073072331399e+07 2.334664288420398161e+07 2.531402936020316929e+07 4.200863278271940351e+07
1.286584116483822651e+07 1.802121928893995658e+07 1.766188512926466763e+07 1.506775164611005969e+07 3.303449727364073694e+07 1.733348764032804221e+07 3.217494732358797267e+07 1.956049491324508563e+07 1.639404357134440541e+07 2.476687536395150423e+07
5.593441161753329635e+07 4.877893779264526069e+07 2.264164978657151014e+07 2.185719580687721446e+07 1.511332951412192360e+07 1.945591256986877695e+07 2.407711740896614641e+07 1.120506399910640903e+07 2.690835039271828905e+07 8.112721245190712623e+06
4.237748182573486120e+07 3.039433030841985345e+07 2.177198085536748916e+07 2.212136739166442677e+07 2.832548335053185467e+06 7.071395577534390613e+06 1.967280053362382948e+07 1.652224756540731899e+07 3.934701641570721567e+07 1.078397587851863354e+07
2.631234806259798631e+07 2.350257181031692028e+07 4.025346844585124403e+06 2.110195653786522523e+07 8.394638006027752534e+06 1.847666107571188360e+07 6.755993096413413994e+06 7.156824378137081861e+06 2.936545679813069850e+07 4.296656570105031878e+07
5.231694774989117682e+07 3.361367333470956981e+07 1.179477926783709414e+07 4.317443745520588756e+07 1.483774107355769537e+07 5.427947708496792242e+06 2.659671877581584826e+07 1.068279701536374912e+07 4.493311848535547405e+07 5.184310636830395460e+07
1.396250599879151024e+07 1.969411922000555322e+07 1.097789965292396024e+07 4.334136394205415994e+07 3.179927312433115765e+07 2.411086180020801723e+07 2.064980172008944675e+07 1.325126442556633987e+07 3.160492056653075665e+07 8.418462642119241878e+06
6.337457895871975273e+07 3.994004901068422198e+07 9.416954117323808372e+06 2.349552220491937548e+07 2.847202120312899724e+07 2.240393548416808248e+07 3.400169836561185867e+07 4.293162419674417377e+07 2.149920149286843091e+07 4.526979614403221756e+07
6.526810502435227856e+06 7.556776938222965226e+06 3.331550716501306742e+07 6.299119546602939814e+07 2.740274919266632944e+07 5.270567877772571519e+06 5.200116592715618759e+07 1.953745386599146947e+07 1.346264176982270181e+07 2.649081970645627379e+07
4.576854154811044037e+07 1.622459980151938088e+07 2.341270141223414987e+07 5.527396772699950635e+07 4.285304544986736774e+07 1.190574372348546796e+07 1.477154646005695127e+07 3.564080118660737574e+07 3.235989213953254744e+07 8.075955318286678195e+07
3.960999433529134840e+07 1.822302762013221160e+07 1.323225614122013561e+07 9.909558757791692391e+06 2.748977893130543083e+07 1.391572956406459585e+07 1.021007266756811738e+07 2.235958439631180093e+07 1.773809772440861166e+07 3.985592370276357234e+07
1.956030902952618152e+07 1.567196567233221792e+07 1.329852925327905640e+07 2.285315969237644225e+07 2.734949378057292476e+07 3.084190573848063499e+07 4.444267021507595479e+07 2.535945468206064403e+07 5.189041759074813128e+07 4.902106578393597901e+07
8.406739133016639948e+07 4.880122987526539713e+07 3.861204357222949713e+07 2.453452124145944044e+07 4.170303990730526298e+07 2.806094267499559745e+07 2.750038222387391329e+07 2.037986004955003038e+07 3.967400629562202096e+07 4.822861360709031671e+07
4.823737403254110366e+07 2.025635137892800197e+07 1.769355174035187438e+07 3.147791697271301225e+07 1.216621809182491712e+07 1.504546425794751197e+07 2.047208293964734674e+07 3.071234779527588561e+07 2.828944039133272693e+07 4.689302527481321990e+07
3.964403937847177684e+07 2.395725603444431722e+07 4.341145432107658684e+07 3.719510419069306552e+07 1.602891464818803035e+07 3.740485186149950325e+07 2.894621708343128208e+06 4.601755561348020285e+07 2.471946365006492659e+07 2.345119861859383062e+07
6.692722646473124623e+07 6.555686393705948256e+06 2.120227891554935277e+07 2.514313824905141070e+07 3.641533011293459684e+07 3.694698078005155921e+07 3.386909914918846637e+07 2.056514024175914004e+07 2.496615684299047291e+07 8.886875080672311783e+07
7.812407032305411994e+07 3.818961417412220687e+07 2.595920031955769658e+07 7.904456913452941924e+06 3.752008677793610096e+07 3.350456916213515773e+07 2.697851463760258257e+07 4.135948515451084822e+07 2.899209716085200384e+07 4.485549318826104701e+07
4.158290480829014629e+07 4.126079701115367562e+07 4.097537508095932193e+06 2.477970839881998301e+07 1.800512958981272951e+07 5.404529947164967656e+06 1.805543358021381125e+07 1.099390850675666705e+07 5.800036161942445487e+07 5.751796927552053332e+07
1.082511454922852814e+08 1.980280187802564725e+07 4.137026931857613474e+07 1.750508309699691832e+07 5.642945795138648152e+07 4.121738857150029391e+07 1.332160697724170424e+07 1.329157620030356199e+07 2.998100460376046225e+07 1.011018619696299732e+08
4.853788397699280828e+07 7.574340650034780800e+07 2.769806082851336896e+07 3.035207970349656045e+07 3.943589910033050179e+07 7.161772684238070622e+06 6.022882370541510731e+07 2.162976148955163360e+07 1.175936141336026415e+07 6.263942795746418834e+07
4.884184240499129146e+07 2.987581142724151537e+07 4.351009397473473102e+07 3.011379447326654196e+07 2.277969927993550524e+07 2.819618882803422958e+07 1.608176077103435062e+07 2.016973056067061424e+07 1.658429203169484064e+07 6.426773985337614268e+07
4.854401636442560703e+07 3.231186755710974336e+07 3.297949706645391509e+07 5.153241365997897834e+07 2.991276127791775018e+07 5.680743972648880631e+07 5.104189953302078694e+07 8.423553701851975173e+06 5.346552712586257607e+07 8.664064077948601544e+07
6.864591729797224700e+07 1.066131409882442839e+07 2.256020951536079869e+07 7.284148085460209846e+07 6.959157104440291226e+07 7.533037579084299505e+07 1.823289344740599766e+07 4.651919938443489373e+07 3.606487692656344920e+07 1.591751117326602936e+08
4.977443284542517364e+07 5.391860743901166320e+07 4.366839735713734478e+07 4.348236912583649904e+07 1.977677359406144544e+07 3.391016823552876711e+07 6.082306199451233447e+07 5.548457940727976710e+07 6.627648774340903759e+07 2.170540494742520154e+07
5.929408388161060214e+07 5.450340236924709380e+07 4.496501060031265765e+07 3.504190429644366354e+07 1.238523588897352219e+08 3.285181740943370014e+07 4.046208619811405987e+07 4.590471811867046356e+07 3.474911019883973897e+07 3.767526937567320466e+07
7.917667939605379105e+07 1.675382131308647618e+07 1.655705473393127136e+07 1.907876887532158941e+07 2.457371096269293875e+07 3.652780748166817427e+07 7.724676516128873825e+07 5.132387579011825472e+07 3.850198371772537380e+07 9.526707760029131174e+07
4.203639758651971817e+06 4.920387162295317650e+07 2.085007925734949112e+07 5.568728593535226583e+07 5.133313982035810500e+07 3.179071682544159517e+07 4.401456579285903275e+07 8.632608388197457790e+07 4.358821266473118216e+07 2.827125919637012109e+07
1.148270601413085908e+08 5.344298887014089525e+07 2.782085834665591270e+07 2.454491793051103875e+07 3.315168667993292958e+07 2.306444544990246370e+07 3.869115451820995659e+07 2.981485662828673050e+07 1.802101964127419144e+07 9.851474167367899418e+07
1.846181021419624612e+07 4.491204573024758697e+07 4.360002726603126526e+07 6.164752606562221050e+07 2.699801286461061984e+07 2.823007205149919912e+07 2.222424909847987071e+07 5.246357844727656990e+07 5.806117877108481526e+07 5.471247324693121016e+07
8.697124370847320184e+06 8.096662179011321068e+07 5.621511584230688214e+07 7.239283120036417246e+07 4.471292660473988205e+07 1.390364532870652340e+07 3.225480905213100836e+07 7.386012539070951939e+07 8.268654038244269788e+07 3.486131757986418158e+07
1.139639558277047724e+08 5.861176601628839970e+07 2.269015872248793393e+07 4.094268809625936300e+07 2.056880674968810007e+07 3.647526332473672926e+07 9.351537398507647216e+06 5.493595676491116732e+07 5.302085617969667166e+07 8.345086914935705066e+07
7.765980077453216910e+07 8.605410083676217496e+07 1.432626834426408075e+07 1.228660323668875359e+07 4.213746648307079077e+07 6.550461180049204826e+07 5.402955587075034529e+07 8.404913401973018423e+06 9.489388044962030649e+07 8.694743904959417880e+07
6.860352631754525006e+07 3.571048986463740468e+07 6.114756437520904839e+07 8.154447838663566113e+07 4.484911568460537493e+07 1.835830074030321836e+07 6.749474915543121099e+07 9.797307994848486036e+06 1.089294949903553575e+08 1.298008048626034111e+08
1.777907615293372795e+07 7.102128348672640324e+07 1.186543373018468544e+07 3.841532580922924727e+07 6.117087896519348025e+07 2.544342670896919817e+07 6.446385642751130462e+07 3.568823198561539501e+07 7.044505994290271401e+07 8.854604465014678240e+07
6.416476171975277364e+07 7.774761748264808953e+07 2.634690879941420630e+07 4.030102612011227757e+07 8.186786958859951794e+07 4.992541353942093253e+07 1.405864237607484683e+07 9.148684212614782155e+07 7.803913532421503961e+07 4.736393594209871441e+07
9.572405043547739089e+07 2.811006367724649608e+07 7.418492923976914585e+07 2.138050972287041694e+07 7.554488249864286184e+07 5.081595237597748637e+07 4.741907597178679705e+07 1.711609877190328017e+07 9.842309684501275420e+07 6.431178736096888036e+07
1.145776550430596620e+08 1.050972984683907218e+07 4.836208100244092196e+07 4.177708997392766923e+07 5.053583652290224284e+07 1.492126939750833996e+07 5.483996312175992876e+07 7.801897340055994689e+07 2.828225463789371029e+07 9.268993514345760643e+07
5.990791497365289181e+07 8.358202297063727677e+07 3.252172691459002346e+07 3.859140069521003217e+07 5.563249723402824998e+07 1.456302143617083319e+07 3.885792042195986956e+07 6.912410832517229021e+07 1.015047362624511272e+08 5.418652211774826795e+07
6.719551605673882365e+07 7.513721670619253814e+07 3.416339982618467510e+07 5.975397452977092564e+07 6.430417292174741626e+07 1.076430046881002374e+07 5.496645338237198442e+07 6.765682098116715252e+07 1.729049968747161329e+07 6.013149090516280383e+06
1.091272305373584032e+08 7.516386224072656035e+07 2.498625467651164159e+07 2.099662878581098840e+07 2.424245281558960676e+07 5.189699639538991451e+07 3.294435551107551530e+07 7.693235105342094600e+07 9.772337508533361554e+07 5.953595025480019301e+07
2.304311642917921543e+08 1.092192581351177543e+08 6.114523926548418403e+07 4.400760379917521775e+07 9.178791690347005427e+07 5.806245154507190734e+07 2.654174797180549055e+07 3.514006558889005333e+07 9.585562271705646813e+07 1.286940891439046115e+08
9.028146745321612060e+07 5.391883307019949704e+07 4.565770350150474906e+07 7.587640910144293308e+07 1.113629068731506765e+08 3.073313147084463015e+07 5.142639493874128908e+07 8.652429975541876256e+07 7.639744590270377696e+07 9.889080611962090433e+07
2.694800669867951870e+08 6.701967207505033910e+07 5.152840424761953950e+07 5.233175023555058986e+07 5.154441333312941343e+07 1.821169163311098143e+07 4.922437094412315637e+07 1.057479138018805385e+08 3.191580859112080932e+07 1.093644548874327093e+08
3.153528787170742750e+08 4.866437897902138531e+07 3.009253885486407578e+07 6.393008737900523096e+07 4.506507391718066484e+07 2.547577688061017543e+07 1.479934690213933215e+07 1.133999627977068722e+08 1.067291668998367786e+08 1.440653941010437012e+08
3.427983964022145271e+08 9.001929278417485952e+07 1.039956177203617245e+08 5.024929103237081319e+07 8.298422229064352810e+07 7.244590142592033744e+07 3.201054377877553180e+07 5.061946755747284740e+07 2.762809737605372444e+07 1.692095221091094911e+08
2.913606002145749331e+08 4.769969393406579643e+07 4.568818651735971123e+07 7.264632630996048450e+07 6.838549875467188656e+07 9.471220496829769015e+07 9.839153757078474760e+07 4.853136530749550462e+07 1.077532783382795900e+08 1.630732001559098959e+08
3.626038449160380363e+08 9.343712190489019454e+07 5.475289010528729111e+07 1.085673511253684312e+08 9.470462945767511427e+07 5.038270350243610144e+07 5.762396548978579044e+07 2.594855901254820079e+07 8.082492910493461788e+07 1.392469937043255270e+08
4.594335753839254379e+08 1.024584216156076342e+08 1.995503230505581796e+08 1.073102115670387149e+08 5.588942171331033111e+07 1.978518744636944681e+07 2.815805505581054464e+07 1.046595144311550856e+08 5.619423612943205982e+07 1.999824380255936086e+07
4.405648372135841250e+08 1.790213601965410113e+08 9.572365468021845818e+07 1.321459112449340969e+08 6.078526615348032862e+07 1.057367688161604404e+08 8.521985677815894783e+07 8.804131282543671131e+07 7.701850888582849503e+07 1.233948279234171212e+08
6.172604183208020926e+08 1.356604954914678335e+08 4.754398707438153028e+07 1.068535658671208620e+08 6.908193848640561104e+07 4.501139252967309952e+07 3.228315664683205262e+07 5.218675277704743296e+07 1.038328189278265536e+08 1.526772132894012928e+08
8.042008465055056810e+08 2.162583117042717338e+07 4.050315872008758783e+07 9.451799092124991119e+07 1.387122666956794858e+08 1.569104567400970459e+08 9.389264194009236991e+07 2.088377699781429172e+08 1.206003093113593161e+08 1.070128191543615907e+08
