9.429719465925432742e+06 9.982759813180591911e+06 1.045761171324985288e+07 1.062989674567233771e+07 1.044252976842257380e+07 1.001419362718859315e+07 9.530370015474149957e+06 9.141843111466940492e+06 8.952634762733258307e+06 9.044186473063560203e+06
9.492252993053670973e+06 1.016663742016617022e+07 1.075158433024735004e+07 1.096399683876413852e+07 1.073500011619262770e+07 1.021677095068202913e+07 9.637539887012658641e+06 9.172113790304880589e+06 8.936458827723907307e+06 9.033352523881630972e+06
9.362022475108165294e+06 1.018114214712039381e+07 1.089979084092181735e+07 1.116074759755835868e+07 1.088171619564424269e+07 1.025773375233821943e+07 9.568881377099866048e+06 9.015367323449900374e+06 8.722552464481098577e+06 8.820062683945605531e+06
8.992764269121060148e+06 9.983331559357816353e+06 1.086364159721124358e+07 1.118279889287609234e+07 1.084386850061352551e+07 1.009652643200012669e+07 9.283385662972958758e+06 8.630743818163676187e+06 8.267983190321707167e+06 8.358476548596654087e+06
8.336396294547318481e+06 9.528468625360444188e+06 1.060328357492813095e+07 1.099131015084645525e+07 1.058093910406341776e+07 9.691050792211025953e+06 8.739015403035638854e+06 7.977427581642197445e+06 7.529763579356239177e+06 7.601765208452711813e+06
7.347121505420722067e+06 8.773809207509774715e+06 1.008124962165136077e+07 1.054907609101753868e+07 1.005378378386512585e+07 9.000912734594767913e+06 7.895785767214618623e+06 7.018471479939049110e+06 6.469091949242703617e+06 6.506500715720408596e+06
5.989820366306281649e+06 7.685785289545040578e+06 9.268941644883247092e+06 9.825736950954705477e+06 9.229820210944147781e+06 7.992958670491445810e+06 6.720248362219208851e+06 5.726865528238098137e+06 5.058976623527493328e+06 5.041657381692150608e+06
4.263804951775959693e+06 6.255814818593663163e+06 8.158812362687648274e+06 8.806570724311141297e+06 8.092047775917527266e+06 6.651608952118479647e+06 5.191667303998181596e+06 4.096847453346242663e+06 3.304194995922681410e+06 3.218070409094577655e+06
2.341644309175693430e+06 4.548923584973471239e+06 6.790756552362884395e+06 7.508690812567149289e+06 6.657063982344307005e+06 5.004288264628246427e+06 3.310452277263215743e+06 2.186076674743527547e+06 1.400804873425577767e+06 1.384449075014978414e+06
1.943788456573172938e+06 2.941541959627906326e+06 5.321978982598206960e+06 6.016683754981109872e+06 5.022519219398087822e+06 3.225840947438912001e+06 1.117431189846720779e+06 9.628207107692735735e+05 1.879234588810780318e+06 2.434717710315449629e+06
4.427627596928230487e+06 2.956325698089065496e+06 4.220368894321606494e+06 4.577980631377973594e+06 3.538225041644298472e+06 2.264147201959450729e+06 1.397244946421271190e+06 2.998405265409399290e+06 4.473120589459518902e+06 5.311622673490653746e+06
7.638906134718446992e+06 5.120436051286021248e+06 4.370323563512364402e+06 3.807232099040281493e+06 3.220245026859628968e+06 3.693932823080334347e+06 3.992023736307723913e+06 5.552220804931945167e+06 7.323038542368484661e+06 8.527368138037411496e+06
1.103239134931379557e+07 7.991961458191489801e+06 5.921923498824929819e+06 4.378454070860511623e+06 4.620753672105742618e+06 6.209140987741637975e+06 6.563178897732052952e+06 8.036316767982097343e+06 1.011697091264925152e+07 1.178639351679162867e+07
1.430618258249364235e+07 1.093335282944265753e+07 8.066941957058313303e+06 5.849241229861835949e+06 6.684379034279512241e+06 8.887878875899473205e+06 8.868412230205077678e+06 1.016302490695292689e+07 1.257516722558977455e+07 1.480455376257653721e+07
1.712113422221932560e+07 1.356812937421273999e+07 1.016946726197287813e+07 7.381457779897844419e+06 8.651151205224974081e+06 1.139209233779722080e+07 1.062209797602607496e+07 1.161995037518545240e+07 1.438105492413886636e+07 1.724019188028499484e+07
1.908148565430220962e+07 1.553511384824825823e+07 1.180356800184945390e+07 8.412167906393582001e+06 1.008218790645316057e+07 1.350530950722302124e+07 1.151018194286343083e+07 1.208181576426967792e+07 1.520913014651739411e+07 1.870241150338190421e+07
1.975826779019537568e+07 1.647837123821862228e+07 1.263921321496896446e+07 8.527948128710616380e+06 1.062479655448346771e+07 1.513065968289462663e+07 1.123040199718291871e+07 1.126699609899233282e+07 1.480322834363223054e+07 1.878761733928574249e+07
1.874146549187808856e+07 1.610934501251769997e+07 1.247225617081026360e+07 7.420066532999732532e+06 9.993067806000674143e+06 1.639968649643306248e+07 9.554116746555067599e+06 9.054672266156481579e+06 1.315517664150508679e+07 1.714476881523816660e+07
1.572270586870654672e+07 1.434327374948647991e+07 1.138269526459794305e+07 5.005228813774856739e+06 8.020830121738062240e+06 1.779364492009017244e+07 6.407046978195942007e+06 5.856268863241509534e+06 1.097707811735142954e+07 1.357689027734386735e+07
1.062471374861779064e+07 1.160601571369097568e+07 1.009178055594137684e+07 2.643990831278601661e+06 4.747592706041071564e+06 2.006926813725039735e+07 1.969135269812930375e+06 4.714700753744131885e+06 1.063995002842977084e+07 8.236112632540185004e+06
4.148936112899962813e+06 9.571582356873238459e+06 1.026455684846819006e+07 6.037493281454778276e+06 8.099558446503861342e+05 2.376503455006767809e+07 3.371258096441555303e+06 8.936634838888518512e+06 1.447887869654143415e+07 3.342510312172483187e+06
6.473386601855557412e+06 1.095624217094114982e+07 1.293839099924420752e+07 1.183451061430483498e+07 4.359860167630270123e+06 2.865158527269462496e+07 8.689105253781275824e+06 1.437691103096910939e+07 2.099301942384836078e+07 8.517748848010510206e+06
1.550980268176354468e+07 1.501504214432669804e+07 1.680068648362017050e+07 1.750005178105703741e+07 8.476896186370380223e+06 3.373094718192932010e+07 1.300665192651571892e+07 1.864266246535033733e+07 2.786724485225190967e+07 1.603355204799152911e+07
2.451176032561678439e+07 1.870844967561172694e+07 1.990244785681963339e+07 2.163734032240718976e+07 1.101674527019420080e+07 3.760210971504165232e+07 1.524392349309253693e+07 2.032013600299675018e+07 3.353316178393331543e+07 2.212314834032616764e+07
3.231352353910328820e+07 1.990751875984339789e+07 2.078084263250378519e+07 2.295426916863289475e+07 1.115172075761441141e+07 3.884597968667549640e+07 1.465110493543017842e+07 1.867044890760366991e+07 3.707025813331694156e+07 2.530277639493521675e+07
3.841002345742046833e+07 1.771832240505973995e+07 1.899582621585868299e+07 2.055159197539633140e+07 9.129265497571060434e+06 3.644188823477672040e+07 1.127037182423950732e+07 1.435458227667471580e+07 3.823404122795972228e+07 2.470316772234162688e+07
4.283478190468286723e+07 1.383869789463446476e+07 1.665801624220021255e+07 1.437758301555158198e+07 8.300762824743467383e+06 3.039712617210257426e+07 6.815177148093534634e+06 1.099006160691764951e+07 3.721369873144500703e+07 2.035624987944269553e+07
4.552751954090310633e+07 1.532258631774274074e+07 1.986459290148629621e+07 5.888638572825687006e+06 1.245602870225477219e+07 2.319103101350585371e+07 7.157340574338072911e+06 1.301478106511643529e+07 3.395503050089035183e+07 1.334151817804143019e+07
4.531195041562291235e+07 2.392420991774371266e+07 3.025290287848879024e+07 5.883851186254677363e+06 1.740784226777075231e+07 2.207221300267159194e+07 1.259170178850863129e+07 1.588592185594358109e+07 2.788213883680908382e+07 5.735774107699939050e+06
3.977178831086350232e+07 3.233282405968498066e+07 4.287745819200917333e+07 1.292993171930123866e+07 1.880390000815390050e+07 2.974158186611145735e+07 1.851036407312310115e+07 1.448788025873700343e+07 1.927372148598551750e+07 4.962959759727851488e+06
2.687636687326155603e+07 3.571627823178819567e+07 5.305784506898112595e+07 1.607550989073675498e+07 1.515181021635359339e+07 3.689335176262581348e+07 2.348956335403394699e+07 8.675386979500629008e+06 1.213726791976925731e+07 1.174313999115879461e+07
8.472639222192626446e+06 3.237480660129993409e+07 5.642761070991363376e+07 1.509500093959067017e+07 1.067774861110269651e+07 3.561441974878902733e+07 2.502918535005459934e+07 5.977053413151892833e+06 1.071574995177530125e+07 1.963322680185875669e+07
1.674621945827864483e+07 2.408612412252759188e+07 4.926797000401556492e+07 1.550406772026123852e+07 1.553785127308258414e+07 2.520457149686979502e+07 1.993137271485006437e+07 8.953705676611144096e+06 9.291336251993848011e+06 2.881134291586276889e+07
3.154260713983273134e+07 1.735859954943854362e+07 3.207303235265775770e+07 2.221597762253086641e+07 2.200586547507473454e+07 2.581146280692385510e+07 1.089025665500047244e+07 6.790401166267161258e+06 2.145642655466353521e+07 3.775761487754535675e+07
3.111109431296258792e+07 1.933947588967045397e+07 1.981691258934571594e+07 2.802687364250985533e+07 2.115733741470617056e+07 4.257279587470180541e+07 1.639393991899201833e+07 1.095286591781962290e+07 4.247498433755821735e+07 4.060715198218529671e+07
1.116636375688402355e+07 2.133996592865231261e+07 2.595984773552348465e+07 2.448576267502921447e+07 1.222445151202890836e+07 4.433232054920147359e+07 2.257914602027141675e+07 2.568131592446935922e+07 5.016044197214636952e+07 2.940283882641716674e+07
2.496041842029246315e+07 1.270772100038529746e+07 1.834455802860612795e+07 9.591275651834897697e+06 1.651831756447075121e+07 2.166047047869955376e+07 1.612968066292398795e+07 3.849933367736651003e+07 2.974581932081740722e+07 1.393863966503066942e+07
6.133877622885566950e+07 8.808316069561969489e+06 1.651779791955531016e+07 1.249209116140777990e+07 3.277432661165493354e+07 2.861011157508758828e+07 4.120174513905103318e+06 4.450157040019608289e+07 1.080934310610217042e+07 3.819330485754343122e+07
7.808646373416733742e+07 3.406602538779729605e+07 4.509801425036726147e+07 2.089943518239285797e+07 3.525246981855911762e+07 4.746865761531901360e+07 6.278058233168647625e+06 4.162027927057873458e+07 3.850320837548366189e+07 4.679681282033664733e+07
5.671990452524694800e+07 4.909283500901013613e+07 4.071631379508333653e+07 9.500279632889376953e+06 1.964370606938341260e+07 3.555678879361988604e+07 2.744846619776947424e+07 3.080207218229457736e+07 2.625156891741776466e+07 2.193862847994512692e+07
4.232483059303381480e+06 4.226962534164437652e+07 5.307747381029592827e+06 1.516506075180635042e+07 2.897357633933420479e+07 4.605330846320476383e+07 4.073194083458674699e+07 1.558660717511156388e+07 2.364986461016031355e+07 1.306172087599710375e+07
4.841020459962355345e+07 1.705728839843565598e+07 4.860956338901183009e+07 2.439870103969907388e+07 3.214586824787242711e+07 6.035242583506836742e+07 1.744478974869490042e+07 9.336035444123523310e+06 4.027136000677676499e+07 1.858086751754527912e+07
3.394559190757165849e+07 3.140245067930384725e+07 4.881549765437518060e+07 2.498931850688476115e+07 1.274621212147905491e+07 5.521268886178264767e+07 2.689747958537154645e+07 3.557293816041323543e+07 2.317615980656650290e+07 3.741873212351251394e+07
3.133654565891065821e+07 3.096302347343996912e+07 1.919104818194573373e+07 3.297335348383855075e+07 4.833667061617849022e+07 6.078303333089336008e+07 4.220542149927169830e+07 4.466263958717977256e+07 2.215469620744695887e+07 4.310231486717980355e+07
5.163442192002020776e+07 1.570271528737474605e+07 3.217831794710165635e+07 1.580223422690640390e+07 3.731583846313244849e+07 3.193389044157009944e+07 3.331207760445255041e+07 3.693817035329637676e+07 2.263659772187395766e+07 1.196153531306785345e+07
2.762665079586878046e+07 4.554723853455650806e+07 1.628315486953833513e+07 4.438760871125730872e+07 5.596320825517866015e+07 3.245495843311295658e+07 4.464700555140903592e+07 5.334140360479955375e+07 3.338436342472067103e+07 3.514112797214884311e+07
4.532898000998258591e+07 3.076608691157814488e+07 3.521780855318042636e+07 4.030702033868713677e+07 2.971765029765584320e+07 5.829200919223329425e+07 8.175213114076210558e+07 6.597423407130641863e+06 1.482133669152779132e+07 6.937777511308996938e+06
9.287262203102488816e+07 1.091493727884104662e+07 2.964506443404702470e+07 1.112709772965725698e+07 1.075043415526657104e+08 6.018714262816697359e+07 1.199907574627176821e+08 3.901004817693218589e+07 1.703072082265074924e+07 4.837182575242732465e+07
1.971011202997090667e+07 8.648591648662790656e+06 4.383361165035127103e+07 1.018961993923774362e+07 6.369988757549067587e+07 4.063742807744643837e+07 8.161032561920134723e+07 2.459530298221303523e+07 1.938938714698271453e+07 3.620514014929187298e+07
8.840716458624516428e+07 1.786255682777523249e+07 1.504984472885647602e+07 3.976512921323921531e+07 6.638745263384212554e+07 3.513592883467318863e+07 1.697538854447466508e+07 3.206753996222414821e+07 1.664005470782428421e+07 5.521846200446181744e+07
1.941534962655619904e+07 2.864016563244433701e+07 9.583477033582669497e+07 7.403229453117318451e+06 3.006481101141924039e+07 9.233646633876705170e+07 3.905673153728499264e+07 8.287235056935009360e+07 2.978987079675146565e+07 2.295624797956950963e+07
3.358829778294821084e+07 6.633943500660974532e+07 2.205547813879058138e+07 4.057719067016031593e+07 2.800736193563430756e+07 5.809848336699442565e+07 3.061753602515242249e+07 2.349810111320448667e+07 1.816294721538877115e+07 6.641603743780659139e+07
3.677081847281306982e+07 1.026161244779720753e+08 6.053271825616937131e+07 4.647705608623382449e+07 7.303664025993487239e+07 5.170320320227058232e+07 5.567680759904236533e+06 6.901091328353521228e+07 1.256065627548000962e+07 7.201690795358699560e+07
4.833185915634783357e+07 5.550061594435118884e+07 6.005633874835623056e+07 3.882969883989754319e+07 7.895991009473532438e+07 1.773361532537327111e+08 8.033750890444742143e+07 7.120545860325983167e+07 2.528329604200687259e+07 4.999011548930466175e+07
4.605720414371673018e+07 4.966229450532071292e+07 2.737836283304528892e+07 2.948555847183726728e+07 5.222610015251464397e+07 7.880765201365824044e+07 3.126483841465035826e+07 3.896481075158897787e+07 4.276299480197197944e+07 3.022309527939384431e+07
3.909298897707620263e+07 4.213848635453063995e+07 5.955134493726711720e+07 3.417762715022558719e+07 4.796975695011838526e+07 1.345740876230219603e+08 6.563198189091210067e+07 5.210667931961180270e+07 9.345893319211108983e+07 4.484731786090772599e+07
1.520751782911037803e+08 5.098046682943105698e+07 3.487021562468037009e+07 3.558757160881251097e+07 7.579031178574009240e+07 1.745559762168958485e+08 3.025526814344767481e+07 1.525454214903549105e+07 8.219418939929954708e+06 8.454023278004445136e+06
8.864857116825768352e+07 5.959047354746033251e+07 4.868954173794040084e+07 2.300789572256332263e+07 8.001667168235804141e+07 1.026132666081434637e+08 5.258937751657503098e+07 1.768437844739326090e+07 3.375900830697558820e+07 4.027007750415943563e+07
1.554346166496219337e+08 5.234301138231275976e+07 4.339097820481199026e+07 3.183610165030830353e+07 5.660565542052187771e+07 1.325214683616293371e+08 6.831146748745267093e+07 3.268912274396289513e+07 4.268447981463094056e+07 3.911464384674907476e+07
1.024637450911822617e+08 2.522057129172242805e+07 7.189475887405262887e+07 4.485366358588657528e+07 1.349855234802756310e+08 6.855210880702720582e+07 8.657765415124574304e+07 5.370337829944872856e+07 2.976053842368452996e+07 6.206598112466253340e+07
8.444365626666696370e+07 1.413836391949995421e+07 4.851566344401716441e+07 5.305378333588073403e+07 1.040764360561081022e+08 2.729295469024019837e+08 8.934990201792758703e+07 9.481526842455358803e+07 2.630361619809686765e+07 6.163746572070992738e+07
7.508860062355537713e+07 1.828648312172914669e+07 5.365875417254832387e+07 7.206778603369194269e+07 1.214808693767163754e+08 5.437874021672344208e+07 4.934464097883634269e+07 7.423263030119760334e+07 2.395723311614026502e+07 7.719043502366352081e+07
6.527797883928655833e+07 5.386432265403594822e+07 9.573907664467018843e+07 5.599926828006281704e+07 1.312754893558318168e+08 2.243753547741361260e+08 8.199520583771637082e+07 4.941207682649803907e+07 8.675324856751891971e+07 6.827127570316386223e+07
8.668148198396459222e+07 5.969236003194521368e+07 4.869718597606353462e+07 4.095794931883523613e+07 8.931529802768352628e+07 7.254486023037710786e+07 5.624449270527515560e+07 2.276488813736493140e+07 4.926796622598700970e+07 3.507875624893395603e+07
7.997078476848630607e+07 4.319355334765177965e+07 4.171991859106045216e+07 1.884688999554607570e+08 1.024251120171231627e+08 1.116995638585553616e+08 8.500201814785349369e+07 1.000535397397107035e+08 7.566892283159394562e+07 4.880379311912579834e+07
1.000053744763360173e+08 1.151101385220926404e+08 6.620804722196107358e+07 1.471696925597864091e+08 8.081855110502164066e+07 2.406646467935033739e+08 9.180725931996244192e+07 6.805866397204636037e+07 5.280848987641455233e+07 4.227704572342684865e+07
7.578972755703511834e+07 9.835227966569612920e+07 4.845441945595818013e+07 1.344800042341948152e+08 2.270556233744090497e+08 6.631748155995604396e+07 8.812759737559336424e+07 4.990414085033974051e+07 3.913380699901473522e+07 1.516635267496249378e+08
6.535447077234674990e+07 8.051275439598532021e+07 8.106398897244256735e+07 1.242953067879030704e+08 1.579203711324264109e+08 5.054340849586312473e+07 1.049622974421592057e+08 6.513936671915806830e+07 3.484463080595096201e+07 6.159161828511985391e+07
1.135130539880674630e+08 9.008908572466205060e+07 2.977791867485078797e+07 1.097263673602867275e+08 1.658915634291259646e+08 1.985599773108442426e+08 7.640961569149556756e+07 4.474176746011526883e+07 9.449641398230271414e+06 4.177575890054672956e+07
5.556538587984032184e+07 4.001470595438507944e+07 1.160698189762839228e+08 9.612404980941896141e+07 1.542158208005437255e+08 4.062141456564145088e+08 9.184345477045807242e+07 5.787711783191319555e+07 1.354313854583877511e+07 8.699311532480284572e+07
1.478004539216831923e+08 2.336342863657561317e+07 5.447035491294542700e+07 1.377990869563722312e+08 1.181899052027896643e+08 4.999870048932954669e+08 1.390802851314792931e+08 3.199787756624642015e+07 5.112782106099764258e+07 8.385832114034231007e+07
5.893281117185769230e+07 1.066246445111411214e+08 5.870687673947528005e+07 2.624424170361047983e+07 1.551801586778023243e+08 2.491084967475436032e+08 1.994092371043986976e+08 9.729541443960285187e+07 4.635923821639537811e+07 5.852887521723126620e+07
1.850932479497972727e+08 9.690527024458771944e+07 5.229707700042626262e+07 1.487678887737741172e+08 8.223072250816234946e+07 3.441742896156306863e+08 1.575802163225713372e+08 4.327547906789688021e+07 1.055447212395209521e+08 7.653819930071127415e+07
2.190079501814039350e+08 1.234663827625582553e+07 3.654502982374825329e+07 1.482490145173139572e+08 1.578552896173162460e+08 2.762978935458849072e+08 6.517480929504240304e+07 6.594523336445121467e+07 3.563781179191386700e+07 4.134831974510008097e+07
2.717036784522979259e+08 2.819543413208755106e+07 3.107266888539890945e+07 7.434035393475441635e+07 2.266034845903703272e+08 2.891747396860310435e+08 6.309291587055661529e+07 1.077220403680964857e+08 1.646152004153965712e+08 9.880863546936903149e+06
2.291140038835614920e+08 3.069035348593252525e+07 6.807553691836079955e+07 1.478979125248503089e+08 2.225616972953905165e+08 8.585897496689651906e+07 3.697640386324988306e+07 7.041087681938129663e+07 1.973969273006475717e+07 7.059693669686003029e+07
1.822517902849740088e+08 1.571436196907715499e+08 4.427963961822225899e+07 5.761894553867432475e+07 1.814547045922273397e+08 1.310371784750270396e+08 1.154306777429253459e+08 1.179723387444794178e+08 7.873814923731763661e+07 1.123008359955172092e+08
1.327727352331207097e+08 1.031947100590423495e+08 1.036800368038395420e+07 1.435540456225282252e+08 9.252822726054051518e+07 4.053744548975450397e+08 8.953862102339242399e+07 1.318724407719396353e+08 4.341413336091525108e+07 1.024119612124480307e+08
1.669098318748163581e+08 3.435283724307239801e+07 1.209749957961981557e+07 1.759459804337163866e+08 2.159459086651205719e+08 6.483300993444032222e+07 8.400821541212694347e+07 1.683207364522581100e+08 2.157807885158476830e+08 8.646373662621562183e+07
1.438951159595943093e+08 1.287472560981816798e+08 9.968590898797288537e+07 1.124462938445330560e+08 1.523590373938967586e+08 4.464587747574716806e+08 6.762711724624630809e+07 1.393635025995093584e+08 1.637477451513690054e+08 9.110227476382520795e+07
1.236605633309973776e+08 1.193804327943264395e+08 1.462732151621507406e+08 1.331551588583060056e+08 2.346123771117394865e+08 8.296465137510657310e+07 9.910431979776501656e+07 9.672795245558071136e+07 1.800345867904409170e+08 4.329958450771800429e+07
1.845198061451146305e+08 6.178062929392248392e+07 1.042203597150383592e+08 2.417405201434602141e+08 2.455573731190062761e+08 4.724884737011695504e+08 1.293724952742394805e+08 1.447073072548412681e+08 5.090406530419977754e+07 5.968178162927266955e+07
1.938989227529326826e+07 1.591557228974486515e+07 7.232861173286551237e+07 1.304205589525266141e+08 2.356411478023410439e+08 7.667379065438764095e+08 1.212464206283003092e+08 1.142553530851431340e+08 8.670952505797088146e+07 9.335287321357993782e+07
1.006298931246190816e+08 5.040310743009426445e+07 3.571418622140781581e+07 8.581674138152362406e+07 2.582012814526129961e+08 5.419672926694558859e+08 8.508911718116253614e+07 1.741296000446799695e+08 3.130219763469007984e+07 1.379750361529398263e+08
1.155317352568379194e+08 8.770020884064984322e+07 1.871223772868014127e+07 1.931850284487977028e+08 1.913100417663252652e+08 6.654714296051042080e+08 7.874176523202237487e+07 6.375048087599548697e+07 5.603868498779108375e+07 2.224188511594396234e+08
1.315176794232664406e+08 6.763733318691745400e+07 4.418580978338290006e+07 2.186738425033126175e+08 3.111647255722877979e+08 5.280647539149311185e+08 3.409732852090323716e+07 4.204691676059947163e+07 2.506526429313065857e+07 6.816039140276910365e+07
2.591205911150682569e+08 1.898929528449065387e+08 1.459313953424147666e+08 2.312111415525463223e+08 3.100464517458114624e+08 2.577814644124144912e+08 1.357200319995138943e+08 3.061416428387185186e+07 7.028502556251452863e+07 2.248308762085394561e+08
1.049719086856253296e+08 2.489262610180536807e+08 3.917655135343672335e+07 2.486378207619846165e+08 2.693331651923308969e+08 2.190377063329410553e+08 3.439441347165736556e+07 6.163167481460220367e+07 2.766961900336260721e+07 2.674058809344796538e+08
1.168298447784327269e+08 8.355234146728311479e+07 1.192944948830634803e+08 1.932069233792818785e+08 3.100828361630170941e+08 4.284966175085020661e+08 2.835886710484592989e+07 1.060474666428143531e+08 1.131122002526655793e+08 8.218642737798309326e+07
2.920253430897802114e+08 1.368181058808039725e+08 1.955159592824057490e+07 2.045890112715998888e+08 3.350010605096507668e+08 5.219994797616403103e+08 3.916961134460444003e+07 4.036394573761154711e+07 5.075379902988047153e+07 9.860765319935290515e+07
1.183694843230037540e+08 1.686234148096204698e+08 1.490120773437243886e+07 4.893874656650332212e+08 3.699847632679895759e+08 3.282419395285081863e+08 7.435329907390935719e+07 2.166821912510172725e+08 2.517499964698130265e+07 1.122908896582045704e+08
2.031480360701022446e+08 1.559557711605210304e+08 2.530074102892186865e+07 2.071507176654320657e+08 3.915178678309642673e+08 3.353392792815707326e+08 1.141473221469726712e+08 2.813770356610139012e+08 2.915329851990868524e+07 1.486938844833646715e+08
2.998247322278290987e+08 1.140411285854658931e+08 1.378564798737474531e+07 2.930378132302589417e+08 4.141516618487324715e+08 6.752186996316739321e+08 1.308706229430690557e+08 8.303916816653947532e+07 1.089630228869483322e+08 8.155299640549315512e+07
2.252251641528486311e+08 1.611499689268988557e+07 7.640826803275026381e+07 2.773446841744213700e+08 4.154679266649600863e+08 1.901420474552618563e+08 1.735606022931006849e+08 1.433674431482629180e+08 5.845062293528601527e+07 5.998971237407001108e+07
3.861883852377908230e+08 4.929668322107144445e+07 4.072477274213365465e+07 3.584026871759582162e+08 3.153181173550617099e+08 3.856285312501460314e+08 9.474158922889772058e+07 1.429570111359484792e+08 5.599122276845715940e+07 5.617497813675035536e+07
3.444059404880096316e+08 1.032570583997467905e+08 1.023745243595983237e+08 3.463850087249382138e+08 5.428934455266941786e+08 1.301253876332510263e+08 1.375539552459496856e+08 7.194545787815916538e+07 7.858985475466683507e+07 4.375480052730084211e+07
