7.818346455956852064e+06 1.104153891666047834e+07 1.275548136032250151e+07 1.313053841920411587e+07 1.218770385910644010e+07 9.541546500571914017e+06 5.807066575062159449e+06 2.729108751562317368e+06 2.209197312655376736e+06 4.279920611977222376e+06
6.456923068155158311e+06 1.008222903414642252e+07 1.188922132308745012e+07 1.238006512776361033e+07 1.158105089994399995e+07 8.740899455750409514e+06 4.474181679816174321e+06 7.790115346770818578e+05 7.413951242500054650e+05 2.476425029931211378e+06
4.737156869343074970e+06 8.751450319420775399e+06 1.056611018078655377e+07 1.124235893739987537e+07 1.077692685726377554e+07 7.861662307465221733e+06 3.270253222530985717e+06 1.934820058734079124e+06 2.885605302206461783e+06 1.168774641006140737e+06
2.673698875267673749e+06 7.049291710098819807e+06 8.728208239623712376e+06 9.735787328915383667e+06 9.903410923218252137e+06 7.118511633323867805e+06 3.086572334736202843e+06 4.650732015724780038e+06 5.827166747964680195e+06 3.061484878869435750e+06
3.352235650126232067e+05 5.042895295328053646e+06 6.333492537122781388e+06 8.015194519373014569e+06 9.229847394169850275e+06 6.846559890591720119e+06 4.430226025189388543e+06 7.585954455911520869e+06 9.050461585580632091e+06 5.939174642570819706e+06
2.269248542029540520e+06 3.052600255109018181e+06 3.367531473531656899e+06 6.608270532693392597e+06 9.172583173683112487e+06 7.327973815381927416e+06 6.473487573716251180e+06 1.054311370592894964e+07 1.237718042998439632e+07 9.077743853066788986e+06
4.919518916012532078e+06 2.612268463279569522e+06 1.785805994603022700e+05 6.680782937424873002e+06 1.008988756015866622e+07 8.506005491082279012e+06 8.565800475528275594e+06 1.327710553047351353e+07 1.558737989717734978e+07 1.226922379882742837e+07
7.480063762539914809e+06 4.646634866003079340e+06 4.119551429216109682e+06 8.923545164124602452e+06 1.196848914817127213e+07 1.001748430850552954e+07 1.029784040167612582e+07 1.548272574144352041e+07 1.841469411689086258e+07 1.531679025569099560e+07
9.760337722772497684e+06 7.298908248094335198e+06 8.392365576133269817e+06 1.259390989895866066e+07 1.445063280292884074e+07 1.142627522921504639e+07 1.130061162608585507e+07 1.681574653883721679e+07 2.057603919123805314e+07 1.803402646409740672e+07
1.159819285677599534e+07 9.785912371977310628e+06 1.271685106441339664e+07 1.684416277230761945e+07 1.706876129513538256e+07 1.232902610043663904e+07 1.121403579892108776e+07 1.694766436063528433e+07 2.184007498758843541e+07 2.030062604712472856e+07
1.294403119291122071e+07 1.170715518525582179e+07 1.674363932521823607e+07 2.105420452227944881e+07 1.935292106435680389e+07 1.238582144482942298e+07 9.723056421678883955e+06 1.568284252653142810e+07 2.215409337200551108e+07 2.215098151786855981e+07
1.398302932778795250e+07 1.273026944122019596e+07 2.002816925454163179e+07 2.464046341506291926e+07 2.085081610299517587e+07 1.137326813686191663e+07 6.632489504795872606e+06 1.323107432833868824e+07 2.184334718440725654e+07 2.385890391142461449e+07
1.521585237466762215e+07 1.259784845832553133e+07 2.205511353445635363e+07 2.697909057055289671e+07 2.115304909073163942e+07 9.308187812324287370e+06 2.016980762652464677e+06 1.092803962820268422e+07 2.179489423254831135e+07 2.590648335000944138e+07
1.726169128076245636e+07 1.120516383091707155e+07 2.229304743831611425e+07 2.742168802960706130e+07 1.994810208587317914e+07 6.774047180788715370e+06 4.124364613494376652e+06 1.184447954058813304e+07 2.318534009222560003e+07 2.868659816304949299e+07
2.029120732743816450e+07 8.728583284350061789e+06 2.028735317052765191e+07 2.537665351864776015e+07 1.710200353847680986e+07 5.727969358748449013e+06 1.061860892682700977e+07 1.669140953881975077e+07 2.635842400773938373e+07 3.202137505284721404e+07
2.364842675460964069e+07 5.887755745125936344e+06 1.579574258994211815e+07 2.046151131490056962e+07 1.274711228510088287e+07 7.695262054693684913e+06 1.660112953938394785e+07 2.249696291825266182e+07 3.007790507548658177e+07 3.491253797149502486e+07
2.605584417804789543e+07 4.545700917517532595e+06 8.975143574833348393e+06 1.280913616841018014e+07 7.391661699547505006e+06 1.027014410760852136e+07 2.070965690048700944e+07 2.653849781416810304e+07 3.216779730566429719e+07 3.574576970408926904e+07
2.607466616257669404e+07 5.800058853550098836e+06 1.714572703329878859e+06 5.288207772826822475e+06 2.965578125020801090e+06 1.125875146231982112e+07 2.170139396767286956e+07 2.685149995995062217e+07 3.045355678215420991e+07 3.279413208289410919e+07
2.262756088133028522e+07 7.424669421972887591e+06 9.007605872879827395e+06 1.201598197012640722e+07 6.260877694741912186e+06 9.771683898722035810e+06 1.903417278381163254e+07 2.250726889524613693e+07 2.352454195444849506e+07 2.488907766698099300e+07
1.566873050795412622e+07 8.890736509584674612e+06 1.647488260776407272e+07 2.267638751006973535e+07 1.179568665439567901e+07 7.055245262267788872e+06 1.385359116349245049e+07 1.481156686838549376e+07 1.163150110216164030e+07 1.234289895717824996e+07
7.706121010889891535e+06 1.188916233285010979e+07 2.021114716369836405e+07 3.038051350086751208e+07 1.744711483258787915e+07 8.633915976468173787e+06 1.065916905057378486e+07 1.117629815569340996e+07 6.153670830755527131e+06 6.598941345413046889e+06
8.779319987994333729e+06 1.689709799956607819e+07 1.809364287084344402e+07 3.204925064445798472e+07 2.292289570461198688e+07 1.362369931180213019e+07 1.268687156971519627e+07 1.678846826964531094e+07 1.962528959481107071e+07 2.075016930628449842e+07
1.376790659067337960e+07 2.131400078368611634e+07 9.178553099545590580e+06 2.573373283674062416e+07 2.664555567690860108e+07 1.589187104934658855e+07 1.343029367249092273e+07 1.972870663581332192e+07 2.814719060136324540e+07 3.065026366930461675e+07
1.270224301255855896e+07 2.145124313158253953e+07 6.660353654457469471e+06 1.262708835712611116e+07 2.546327808900316060e+07 1.301396464892071672e+07 9.622207508439844474e+06 1.405781078394266963e+07 2.723984820446795598e+07 3.143933107279580459e+07
4.495210107774534263e+06 1.486451369721336477e+07 2.374812133293075487e+07 1.420306480606606975e+07 1.669344542608412355e+07 1.114215225969365798e+07 1.154897855416370928e+07 4.958048253133835271e+06 1.784689539527046308e+07 2.323344891273677349e+07
1.145851850095567107e+07 5.585967365222943015e+06 3.756320727531696111e+07 3.183754195379137248e+07 1.297999771857900359e+07 1.906296495273294672e+07 2.096589044426596910e+07 1.569309678038063832e+07 9.022514874124262482e+06 1.438939962924752943e+07
2.439939642770674080e+07 1.457310206089204736e+07 4.151977867605072260e+07 4.124025565476509929e+07 3.566594697930616885e+07 2.332736882151845470e+07 2.305449245650520176e+07 1.860025076603457332e+07 9.563051925598086789e+06 1.648541643119499646e+07
3.050212862339192256e+07 1.958629898500037566e+07 3.257759204065134004e+07 3.415165298887530714e+07 5.718218392374452949e+07 1.445039556077762321e+07 1.187708815584167093e+07 5.684823553283376619e+06 1.372083990535382740e+07 1.714778009089577943e+07
2.855910886112615839e+07 1.136925071427253447e+07 1.801859335016911849e+07 1.212276672637905739e+07 6.095025140042740107e+07 1.411731714168192260e+07 8.152015980836706236e+06 2.782801740310376883e+07 2.981409215624434873e+07 1.493275997305993736e+07
2.145186611120997369e+07 2.469161258329447359e+07 2.325093579291527346e+07 2.735561438919882476e+07 3.790613714840244502e+07 3.406632104427214712e+07 1.997712023314598203e+07 4.950170727998939157e+07 3.767796874602343887e+07 1.879875159768270701e+07
1.207222490332019143e+07 5.009066178738458455e+07 3.038924601458724216e+07 4.878029407825938612e+07 8.494524961592072621e+06 3.268215126445670426e+07 1.253190126809567958e+07 4.187178504378049821e+07 1.599606409236692078e+07 1.321608380799790472e+07
1.739677306861904636e+07 5.305011604480513930e+07 1.949485767636450753e+07 4.224356875332254916e+07 4.944901105042044818e+07 3.520781812515163328e+06 1.623931987918880768e+07 8.519396373789336532e+06 3.093822389109199122e+07 1.030726403814508580e+07
2.064327954178155586e+07 2.662091858502553031e+07 3.786525521866829135e+06 2.798040148951847106e+07 6.429303554668796062e+07 3.565188653069774806e+07 2.655352841026439890e+07 2.719348277872633561e+07 6.612908974208696187e+07 3.779884427326392382e+07
1.745798033773064241e+07 2.264958102667618170e+07 2.097877918235799298e+07 6.778686477323269844e+07 4.620509237807516009e+07 4.067393628042105585e+07 8.185489361247461289e+06 2.057352367003122717e+07 5.494073795827947557e+07 4.625662278845713288e+07
3.968876693065736443e+07 2.613212786099614948e+07 2.899980209487070888e+07 8.788336728809225559e+07 1.766244665464635938e+07 2.243306433544594795e+07 1.760699218599163741e+07 1.476826481258807704e+07 2.016310036801433191e+07 2.836723550626058877e+07
3.128199709852857888e+07 1.971577667038153112e+07 4.745664666638109833e+07 6.101865633803372085e+07 4.280833609719409794e+07 3.078819451765192300e+07 1.144365990767468698e+07 1.110737655471528694e+07 1.052912558645197190e+07 2.413495104194248095e+07
2.318068414464847744e+07 3.856472136795401573e+07 5.002083371321696043e+07 3.442959655223698914e+07 6.972274604336871207e+07 9.525280548147594556e+06 1.758391560808652267e+07 4.903846009879769385e+07 1.711744411650276929e+07 1.900187410638562590e+07
2.278033884374779090e+07 1.205386966809427179e+07 2.761923126643767953e+07 3.448082015627008677e+07 2.938392357666578144e+07 4.196156270834551752e+07 1.386363094091659412e+07 4.940440427020517737e+07 2.161655897214953229e+07 3.028666391516447067e+07
5.550044760640405118e+07 3.876945047720587999e+07 3.554277635174144804e+07 4.865904213907968253e+07 7.526534196434891224e+07 6.664120890235756524e+06 2.535414903861983865e+07 2.638315990992181376e+07 9.919177486668926477e+07 4.071618029669025540e+07
5.408291267865821719e+07 6.682640627401501872e+06 1.450769296238847449e+07 5.104927060834087431e+07 1.016048972786219716e+08 3.850904649581871927e+07 1.621371174604524672e+07 3.226996044362252578e+07 6.013452872697830200e+07 2.564142401480074599e+07
2.301287639942314476e+07 4.663759357211701572e+07 2.184986544843862578e+07 4.260476291698567569e+07 8.137103560332374647e+06 1.458802530514110811e+07 4.720670433158653229e+07 3.920776803698249161e+07 5.713836156956311315e+07 2.820048715996615589e+07
1.799093027940366045e+07 5.262580206094419956e+07 1.572888267120866105e+07 9.437218886139649153e+07 7.435680353793083131e+07 3.566232944419090450e+07 1.524595069577860832e+07 4.541841072514282912e+07 1.743164518352493644e+07 5.548146350739401579e+07
5.021833988766453415e+07 3.576944768818506598e+07 3.091567373581345752e+07 2.470878760631999001e+07 6.042544532862620801e+07 2.901194183089808747e+07 9.976861834482062608e+06 4.335858033699077368e+07 4.571784810930462927e+07 3.382386085358612239e+07
3.026258230338362977e+07 2.420233987375617027e+07 5.590293603061261773e+07 6.854624081850413978e+07 3.155305768676904961e+07 7.579901825991266966e+07 2.707970321526594833e+07 3.812180540018020570e+07 6.574921375492356718e+07 2.722796801188300923e+07
2.125765837639438733e+07 1.311214336061852239e+07 4.516640257246854156e+07 2.507029393816931173e+07 7.366014996762470901e+07 2.102566498186075687e+07 3.651238531362731755e+07 9.941918555580515414e+06 4.564487120621790737e+07 6.698030156174541265e+07
2.652864167665928230e+07 2.458157197052412108e+07 4.633165278466910869e+07 4.150879224565815181e+07 5.520911097961597890e+07 8.590742498516260087e+07 9.290141698870235682e+07 1.133620226431299187e+07 9.143594034139952064e+07 3.853972045786409825e+07
2.230742694005810097e+07 3.089676093951700628e+07 1.117762551305977069e+07 8.463650990073958039e+07 7.432951029503837228e+07 3.750858807689965516e+07 9.799773675016896427e+07 2.928856187883087993e+07 4.143033999243246764e+07 1.947186779320484027e+07
4.873875628392799199e+07 2.449300853111200035e+07 2.541009553356911987e+07 2.421455771189952642e+07 4.032536415263430774e+07 1.696127584786215425e+07 2.743897516194973607e+06 3.353237274008142576e+07 4.108292771219886094e+07 6.729868816518941522e+07
2.046177663379004598e+07 9.755040533270824701e+06 8.767532795044603944e+07 3.394315398517025262e+07 2.962403902435048297e+07 5.622839449198047072e+07 2.318151449680976570e+07 2.934665313703633472e+07 7.473808884351894259e+07 1.262149901120419614e+07
5.884979159690056741e+07 9.907271440586631000e+07 5.457524546332953870e+07 7.040084572385269403e+07 2.737982367569756880e+07 7.993400486108368635e+07 7.267549678172083199e+07 3.063850478582616523e+07 7.017868874266830087e+07 1.320198278852977976e+07
7.949796404163911939e+07 3.527637983894611895e+07 2.082738549136982486e+07 1.362714178150450289e+08 1.953037053334900364e+07 1.636606955120141618e+07 5.209267645959591120e+07 1.854250772790175304e+07 2.604892126370598376e+07 2.772987446018802375e+07
3.716870878583342582e+07 2.799965654616422951e+07 4.031869983241578937e+07 7.938834479563818872e+07 1.323617177840409800e+07 8.325822348275996745e+07 9.536687873262252659e+06 1.558362078616033494e+07 6.272711904122738540e+07 5.502106348759020120e+07
5.900707465057256818e+07 5.236196779339161515e+07 1.833749713662318513e+07 1.097565731069942005e+07 1.675644758029837348e+07 9.900151835512626171e+07 8.266269366502113640e+07 1.382493459240753390e+07 5.075370904165269434e+07 5.666082231433975697e+07
2.095635568661441654e+07 5.370444086115481704e+07 5.065434276875980943e+07 3.837685954015577585e+07 5.068096649727192521e+07 6.465896687048205733e+07 4.983307401448547095e+07 3.772988832574588060e+07 2.142040038062609360e+07 5.025522002945327759e+07
6.976660502468414605e+07 4.210174594874773175e+07 9.776472604383388162e+07 5.572112011381120235e+07 9.078857551987767220e+07 3.121361663871699199e+07 3.589689987373714894e+07 3.265766721509946883e+07 1.538541508192780241e+07 8.830683724516306072e+06
4.918603160117828846e+07 4.023108698997949064e+07 2.469922621520114690e+07 1.039805657950901091e+08 6.235861468878282607e+07 1.025300450650286824e+08 6.175602299503790587e+07 2.917438385883773118e+07 7.418373970769254863e+07 9.043573548420916498e+07
2.183093371191770583e+07 6.705720268839854002e+07 5.501968825782518089e+07 2.285186151472857222e+07 2.014232513045477122e+07 6.324517716917974502e+07 3.901099110741607100e+07 2.507902198865342140e+07 5.118488929242991656e+07 3.426916355973933637e+07
5.456919511070395261e+07 6.414057037322016060e+07 3.320989555883399397e+07 3.739915627828864008e+07 4.737358939746492356e+07 6.694932126713258773e+07 9.395110442105568945e+07 4.162034006066326052e+07 8.052461791144196689e+07 5.272608487072423100e+07
7.481161982948181033e+07 1.075136182303354442e+08 5.081273835432665795e+07 8.855548441381382942e+07 4.288284822711719573e+07 2.799999955813225359e+07 3.261310306652449444e+07 8.040081906110624969e+07 2.930092680847397447e+07 2.758623563594509289e+07
5.415264309461953491e+07 3.230747679499435052e+07 3.215256996317265928e+07 4.050054064404767007e+07 4.928560596873784810e+07 1.218645677707880139e+08 9.085126126499855518e+07 8.071034558064152300e+07 5.684052217424350977e+07 8.870072829890489578e+07
9.533689761246794462e+07 1.334041594007980451e+07 1.021801305282435566e+08 9.163314578864021599e+07 9.376021028330366313e+07 5.548816316952127218e+07 4.207723044401323795e+07 1.045379579367457703e+07 4.400628707028902322e+07 9.591608595124363899e+07
3.345554068740189821e+07 4.680359991063274443e+07 1.204149105529828370e+07 8.724726666310210526e+07 8.044386369982892275e+07 7.646552709497167170e+07 6.048106824179989845e+07 3.783540834360716492e+07 7.637822955500036478e+07 7.299107958924958110e+07
1.007070563226555884e+08 1.088063983949726969e+08 8.886786207247211039e+07 1.304546861162133329e+07 3.594571866095675528e+07 7.248361189618098736e+07 6.493489542794198543e+07 1.541216325411907434e+08 9.974509083486521244e+07 5.691706944110292941e+07
7.209206908112721145e+07 1.314446579003817439e+08 2.164380024807367474e+07 7.103962139574475586e+07 6.067664321257276833e+07 5.878254105781105161e+07 6.595314020426369458e+07 7.475330856426230073e+07 2.527600610609190464e+08 9.627464581756353378e+06
6.989899256767648458e+07 7.849829240572518110e+07 8.246108302534772456e+07 9.909016656487795711e+07 1.393465725287365019e+08 7.579150802204526961e+07 4.229422199874152988e+07 4.235936589319154620e+07 1.052479267167551816e+08 5.663552282727169245e+07
1.041128552245595902e+08 7.089828621026474237e+07 3.876750659234629571e+07 2.098674607409999967e+08 2.075617936358503401e+08 1.419204671404438019e+08 1.083620259006277025e+08 6.768145671266613901e+07 5.678617186142354459e+07 1.495696970383506417e+08
4.307663162361624092e+07 1.028827469784969687e+08 4.408198801121151447e+07 7.378099282553844154e+07 1.259748589296663105e+08 3.781353274711315334e+07 1.094672099462758452e+08 4.797751572189944983e+07 7.070451953726619482e+07 1.643086023302968740e+08
8.657950876887899637e+07 1.372303536265004277e+08 3.838704687459619343e+07 9.293535239432285726e+07 1.172766802057356387e+08 1.045978145254485756e+08 5.561820617748463899e+07 4.086885591248440742e+07 6.145965686458833516e+07 3.833578735641665757e+07
1.138596421473767012e+08 8.468943898942457139e+07 4.310727680430956185e+07 7.997768228262990713e+07 1.400973541311136484e+08 4.860568977328319103e+07 2.895934284753266722e+07 4.342617981392092258e+07 1.020948663922202736e+08 7.076864412105175853e+07
8.624157533264741302e+07 1.030105312369101793e+08 5.273175093694292754e+07 5.567688335895475745e+07 1.044503595695799142e+08 6.797408277790020406e+07 3.087407197965620458e+07 1.418130139945123158e+07 4.890825069541206211e+07 1.011847478559420258e+08
5.587541038663605601e+07 7.941052316242480278e+07 5.097185230620719492e+07 6.801632600250582397e+07 3.755151635834071040e+07 6.052990811212491989e+07 7.859256122340729833e+07 3.680166065294528753e+07 5.238983873765271157e+07 4.751657090159457922e+07
5.003299770945774764e+07 2.025036421432349086e+08 1.137236173231531531e+08 8.006269303959482908e+07 3.934245945002434403e+07 9.492747001187196374e+07 6.489128390294122696e+07 2.313414685044250265e+07 3.546404010265350342e+07 9.689308924810755253e+07
3.129318131873733923e+07 1.196804093911266029e+08 1.073789593247948885e+08 3.644561482695093751e+07 1.332246046505146623e+08 7.270581470889787376e+07 1.042039283807079941e+08 6.596736633644074202e+07 9.459601644696277380e+07 4.425463386367244273e+07
6.473379892729273438e+07 5.595610975076281279e+07 1.723842555528644919e+08 4.148653494347862154e+07 3.858439640269777179e+07 6.593235669156380743e+07 4.313833764568393677e+07 4.257268171899310499e+07 8.351807303427509964e+07 1.021376873862848729e+08
4.196146890083106607e+07 2.251807217729291692e+07 5.376854694560588896e+07 8.380756388165603578e+07 1.513702173078133762e+08 8.439173621986094117e+07 1.055803158752807528e+08 1.484584708134615123e+08 4.657413039043975621e+07 2.918688552369612455e+07
1.439761632742895186e+08 9.313616437242427468e+07 7.155960197936585546e+07 4.026447090676225722e+07 4.819224913793247938e+07 3.812278427109720558e+07 9.300213504036855698e+07 1.255569725026535802e+07 7.546938957373091578e+07 6.226383931031855196e+07
1.077403455636366010e+08 5.183378170101825148e+07 9.082346681336011738e+06 1.063016046485673636e+08 1.784829572991707027e+08 4.449860204398044199e+07 6.870911858113311231e+07 5.473327965258133411e+07 1.287753460612179786e+08 9.564571064942380786e+07
3.846201147303228080e+07 4.417089781233634800e+07 3.272581072071870044e+07 5.838287712725368142e+07 1.273108157892205864e+08 3.173987659182792902e+07 1.323430682870479226e+08 2.366369459009399265e+07 5.606579660672731698e+07 1.410627916937111318e+08
1.169405993590541482e+08 6.618149881478924304e+07 1.260884747093104869e+08 1.087841640650341660e+08 1.102939470093316436e+08 8.028024295622719824e+07 8.708890283995008469e+07 9.439644374661988020e+07 1.454707669428641498e+08 1.144666188105336428e+08
5.545839518500386924e+07 8.898958162247081101e+07 6.019469510546138883e+07 1.336244280750443339e+08 8.302856146328063309e+07 5.839722962173675746e+07 1.778504248635774553e+08 5.454245874152435362e+07 4.657597626387532055e+07 6.686529600067662448e+07
8.856372381581968069e+07 5.425708802990932763e+07 4.092092840091795474e+07 1.217776687650755048e+08 1.062718826209447682e+08 3.497935537433864921e+07 9.043311908072423935e+07 5.119672622759550065e+07 5.819263154628872126e+07 1.235474295975222252e+07
8.808288390827766061e+07 6.038170898522129655e+07 9.500157743027466536e+07 8.310350187446846068e+07 1.387764364673195779e+08 8.266341091927853227e+07 3.398576883036607504e+07 8.622348313938982785e+07 9.612260653279116750e+07 7.861076925523076952e+07
9.397192033001756668e+07 1.034293442702579051e+08 4.335075495292422920e+07 6.428228985194779932e+07 7.007507901659160852e+07 3.085907974962852895e+07 9.656834513321377337e+06 4.673729517976471782e+07 6.331028882632336766e+07 8.953468419217364490e+07
6.959865444900727272e+07 1.254667888598169535e+08 6.296703941170940548e+07 1.340373979547165632e+08 9.594697132487401366e+07 5.057989166400547326e+07 7.870124992992670834e+07 1.310316322749904990e+08 9.524468672536918521e+07 1.404534351717042625e+08
6.476181184960434586e+07 7.328192887349599600e+07 7.783152734936945140e+07 6.626504075331065059e+07 1.151870268164681196e+08 7.605915462080569565e+07 4.501654363985346258e+07 9.865572512368619442e+07 7.264216183032579720e+07 1.172018859958266765e+08
1.050022483727221191e+08 9.994376766208860278e+07 1.040012896047933996e+08 6.885421432316400111e+07 9.747850307581140101e+07 8.571962142346589267e+07 6.072699913284558803e+07 9.103202058213351667e+07 1.122438945708463788e+08 1.217678099139514565e+08
6.688101610230085254e+07 8.667450220076753199e+07 1.205173616420000196e+08 1.778990545675951838e+08 7.077985764615893364e+07 8.151290406466920674e+07 1.333535949109587669e+08 2.716482403086610138e+07 1.053653476891255528e+08 1.039715789770106673e+08
8.246103822203604877e+07 1.263024555333869010e+08 3.400764169952932000e+07 1.745777612412801087e+08 4.708837069656578451e+07 3.563634874480254948e+07 4.726759436962097883e+07 1.866627354919714332e+08 1.072353474859332889e+08 1.430108398016179502e+08
1.405310327041407526e+08 7.665664291702191532e+07 5.817747288196606934e+07 5.548650642485614866e+07 1.475004527917134762e+08 6.250289921565309912e+07 9.039539179165543616e+07 1.188312563384154439e+08 1.246164681254188418e+08 1.452812069717514217e+08
1.371187879953999221e+08 1.708118427758798897e+08 4.691831426266989112e+07 1.091433464603103846e+08 1.665021895676698089e+08 1.157516431931088865e+08 7.940057114685474336e+07 4.492889988891056925e+07 1.120126623003797084e+08 1.403658689892441332e+08
1.773159390573749244e+08 1.304937489293134212e+08 7.883570994690905511e+07 1.814313982275218964e+08 8.311728692420655489e+07 2.540144189850430191e+07 1.337073197580719441e+08 5.270240371379264444e+07 1.113595269517399669e+08 8.437414804475504160e+07
1.294196541461343914e+08 1.035040587074162215e+08 2.208588879775364399e+08 6.095452324764819443e+07 1.085103152738489062e+08 6.333935566477150470e+07 1.575305800876375735e+08 2.208336085193495452e+08 1.862625290579074025e+08 1.913811977107182741e+08
1.405076484398187399e+08 2.301657119807193279e+08 4.204703122972275019e+08 1.731703116568744481e+08 1.396045975585429966e+08 6.145785241202706844e+07 1.741693719926080108e+08 7.109252257717843354e+07 7.958493438044589758e+07 3.093671822908766866e+08
1.814391296720682383e+08 1.909841156437578052e+07 1.004507936204307973e+08 1.275512021456148475e+08 1.460269931733365655e+08 9.639464107697861269e+06 1.037788217163451463e+08 1.182297274874999225e+08 2.336324673723979592e+08 9.742175354810447991e+07
1.311106860661468506e+08 1.970617424332477450e+08 1.297847126314219683e+08 2.299533377664375007e+08 8.204341314309415221e+07 5.985865790200968832e+07 1.391816935769011080e+08 2.182739482824612036e+07 7.756326938039505482e+07 1.357482165497661233e+08
1.657331261982334256e+08 2.812828400854711533e+08 9.913973977554377913e+07 2.219035082534903586e+08 1.822525336048642993e+08 1.239230160109314173e+08 1.913618318335040510e+08 1.500230654300039113e+08 1.684633329425873160e+08 8.205090521220085025e+07
4.513315531578045338e+07 1.916357533544981778e+08 1.201983441529281437e+08 4.980045702511937171e+07 3.206555095472316742e+08 1.051819476729074121e+08 2.204697501965285540e+08 1.269556103338967115e+08 1.640924953918801248e+08 1.446164031878652871e+08
1.715327239192152619e+08 3.433607031566914916e+08 1.865009235970693529e+08 3.043652260657672286e+08 1.266788920702290386e+08 1.693292157546863854e+08 1.487097726686059535e+08 1.812007735088399053e+08 3.626949762712165713e+08 7.918959541933976114e+07
1.421538286068073511e+08 4.630196107535700202e+08 7.535605074448707700e+07 2.375084523166966736e+08 4.815560642382213473e+07 9.102526838013429940e+07 2.542225620594834983e+08 8.836356364336813986e+07 8.398881576923468709e+07 5.596107862473338842e+07
2.670165539682333767e+08 1.199178808155921996e+08 3.173551108812882304e+08 3.557086488852238059e+08 1.153852406773179770e+08 7.738938651978719234e+07 9.167298617912600935e+07 7.151538614000047743e+07 1.766202688667677939e+08 2.896003066303396821e+08
