1.120437945626142994e+07 1.191660843141160719e+07 1.288896806299734674e+07 1.313711504000438564e+07 1.222845761677159369e+07 1.113456267030771822e+07 1.083871797816996090e+07 1.107917187950308621e+07 1.113358181734525226e+07 1.102264131629231758e+07
1.100419599935195222e+07 1.175622654197052307e+07 1.286386602842654847e+07 1.310422964676220529e+07 1.187405584548521414e+07 1.047877143263972923e+07 1.021758799417053908e+07 1.067826659576293081e+07 1.085894205541306548e+07 1.079291038329828531e+07
1.069682358218435012e+07 1.141816751099209115e+07 1.262821040371823683e+07 1.283732979592923447e+07 1.118394048493432440e+07 9.409253158694028854e+06 9.223438447625303641e+06 1.000183779951228760e+07 1.037985783633835986e+07 1.042953206940534897e+07
1.037586228305168450e+07 1.093379402952361852e+07 1.216328710300813429e+07 1.230696120217986777e+07 1.010271301554561220e+07 7.853769394927651621e+06 7.800648107269473374e+06 9.024834426994236186e+06 9.702951713155698031e+06 9.997956100180320442e+06
1.020859986493348330e+07 1.038415559797347151e+07 1.146314888832486793e+07 1.149387152605352737e+07 8.582011979959735647e+06 5.745184946006554179e+06 5.902362019478174858e+06 7.736895156157894991e+06 8.862746529291585088e+06 9.623114625820040703e+06
1.042294878271884471e+07 9.918916046063052490e+06 1.054040930009849928e+07 1.039558176678200625e+07 6.589461673946643248e+06 3.030148856416240800e+06 3.498796188450118992e+06 6.151430983462861739e+06 7.934476713899922557e+06 9.490430258260915056e+06
1.122222369983775541e+07 9.751166442846385762e+06 9.431960478045446798e+06 9.035137160914873704e+06 4.127286593572749291e+06 3.189610920311206137e+05 5.938412830806265119e+05 4.323386257400287315e+06 7.045496277497608215e+06 9.794660487131495029e+06
1.265927585526350513e+07 1.008382611888203211e+07 8.202707751442233101e+06 7.474123552870941348e+06 1.385462226260759868e+06 4.288159385678133927e+06 2.802275615171489771e+06 2.424917876701268367e+06 6.366836684473937377e+06 1.063009766178607941e+07
1.459006489525301568e+07 1.097522881438434310e+07 6.943226385973517783e+06 5.837619314911031164e+06 2.480635316672683693e+06 8.802883521691795439e+06 6.567903527674374171e+06 1.464107078891678946e+06 6.044687951102567837e+06 1.191214413764681481e+07
1.673231194721323624e+07 1.226977642261735350e+07 5.753683331513858400e+06 4.375400168546239845e+06 6.026599641344925389e+06 1.370540248750552535e+07 1.056016051482550055e+07 2.910511823163907975e+06 6.075464698766545393e+06 1.340976503557572328e+07
1.874232385451901332e+07 1.366039630707033351e+07 4.705603319474289194e+06 3.567264746562238317e+06 9.717313941292816773e+06 1.873186499648607895e+07 1.454557551241530105e+07 4.832336316120968200e+06 6.267534234800024889e+06 1.483283857009884343e+07
2.027609758029451966e+07 1.478727433975983225e+07 3.792900708585125860e+06 3.856860590388834942e+06 1.321163670188687928e+07 2.349214441495327279e+07 1.821153714907403290e+07 6.542416855867709965e+06 6.365508048692939803e+06 1.590788014012296312e+07
2.106774446015911177e+07 1.530766667509347945e+07 2.940247726328782272e+06 4.929031105023775250e+06 1.614445352865594998e+07 2.745917305095768347e+07 2.117516911676815525e+07 7.844676706773775630e+06 6.202426230432862416e+06 1.644911448721610941e+07
2.107267900839180499e+07 1.495754110835567303e+07 2.207850647736696526e+06 6.267264171091320924e+06 1.810212281059673056e+07 2.997760855279736593e+07 2.301139845768624172e+07 8.662476819569991902e+06 5.808393327729390934e+06 1.645297359779733047e+07
2.070972175202639401e+07 1.364169606509935297e+07 2.302015365895702504e+06 7.664710516882927157e+06 1.865895583276661113e+07 3.030623008295467123e+07 2.330657263641227037e+07 9.024596388348935172e+06 5.478502778560613282e+06 1.621400716987313516e+07
2.108209148393975198e+07 1.159267888686596230e+07 3.754781192535860930e+06 9.068217295387737453e+06 1.744282445150265098e+07 2.771683790279250965e+07 2.174465301070289314e+07 9.038332944384362549e+06 5.626801371155036613e+06 1.635455723709531128e+07
2.354667613895293698e+07 9.647944412458712235e+06 5.927307388700638898e+06 1.038819152783820033e+07 1.422626184433196858e+07 2.170809185907858238e+07 1.824038031124004349e+07 8.786248247070075944e+06 6.258416664636058733e+06 1.749619062955076247e+07
2.834330148453039303e+07 9.273230593593621626e+06 8.309848200014017522e+06 1.138755203355907276e+07 9.036554540017301217e+06 1.275070854233981855e+07 1.319871303608936444e+07 8.188252188163552433e+06 6.797398139861159958e+06 1.961766899182311445e+07
3.413978675073249638e+07 1.087652319735220447e+07 1.062289484011470340e+07 1.169527931232348271e+07 2.370290334165873937e+06 9.455372383600780740e+06 8.482448956226842478e+06 7.016302858950519934e+06 6.566768635272950865e+06 2.191753501452676207e+07
3.902408965345641226e+07 1.289553317015542649e+07 1.278683346639207192e+07 1.096734149001306109e+07 5.656179475325562991e+06 2.278724661484222859e+07 9.373506868855796754e+06 5.339656806718286127e+06 5.187038701932949945e+06 2.337315138782476261e+07
4.157511799950375408e+07 1.379291333592859283e+07 1.489035117102150060e+07 9.206361523524671793e+06 1.307006956022636592e+07 3.923318823190420866e+07 1.512058883560873009e+07 4.946887848645651713e+06 2.828628719066276215e+06 2.335422842141440883e+07
4.198858290298940241e+07 1.299791633354591951e+07 1.694069206342620030e+07 7.338534647221653722e+06 1.897900294816749543e+07 5.319147127533151954e+07 2.068827882476907596e+07 8.026370460699682124e+06 1.500471841542175738e+06 2.203007785052752867e+07
4.307630312797536701e+07 1.119813198321951553e+07 1.853439023948551342e+07 7.498449589218899608e+06 2.215005704542148113e+07 6.027731274217517674e+07 2.403421958833992481e+07 1.247564963869837299e+07 3.709811894188156351e+06 2.035913588032507151e+07
4.835005965735206753e+07 1.029497903798208758e+07 1.888788868184822053e+07 9.878666185141082853e+06 2.183588021450979263e+07 5.645392837762706727e+07 2.434187445450860262e+07 1.622123022709051147e+07 5.964176365139685571e+06 1.918045197252422199e+07
5.647384615112773329e+07 1.110529215077381767e+07 1.735759152853793278e+07 1.228683092084437981e+07 1.803333148273589462e+07 3.952929106889268756e+07 2.147145184673034772e+07 1.821979220995684341e+07 8.553923870865058154e+06 1.805284053399519995e+07
6.145127183896064758e+07 1.163163346820524521e+07 1.404305559434238262e+07 1.356572018111527525e+07 1.162586974877449684e+07 1.446998947134690173e+07 1.574509274053941667e+07 1.839773831537615508e+07 1.183060208040501550e+07 1.603454206303286552e+07
5.913880539341991395e+07 1.010864939376820810e+07 9.819781818842675537e+06 1.360562567430192418e+07 5.799730382144761272e+06 3.220419817975247279e+07 8.466556128382736817e+06 1.720366292180470750e+07 1.429067602045967430e+07 1.364261325345723890e+07
5.378865964747314900e+07 6.543137959706966765e+06 5.411190168214472942e+06 1.218316981839646958e+07 1.001869416853670962e+07 6.299053479262221605e+07 7.588985538067634217e+06 1.479412425734025799e+07 1.405300352178238891e+07 1.280845970439076051e+07
5.625471062875326723e+07 2.043007763525593793e+06 1.133453169621870620e+06 8.566226286536799744e+06 1.732913538095902279e+07 7.543116610449856520e+07 1.430927029396829568e+07 1.218871644380818307e+07 1.121065407871937938e+07 1.461615806191351265e+07
6.203624288186449558e+07 3.632248114102964755e+06 4.796253147850837559e+06 3.600701000686150510e+06 2.089779801136278361e+07 5.735201581142604351e+07 1.678110565504847839e+07 1.308119824852753431e+07 7.854719403733245097e+06 1.903812225503028557e+07
5.659493799305943400e+07 8.448853348411869258e+06 8.831837064752889797e+06 5.965184390929195099e+06 1.749102786739730835e+07 1.302866090440353379e+07 1.066181648655528575e+07 1.679510828439241275e+07 4.531745470093750395e+06 2.335588055186314881e+07
5.027820454440061003e+07 1.237752101867770404e+07 1.134460599820757285e+07 1.027410919536422938e+07 8.046975799181664363e+06 5.572561936942064017e+07 3.406204695586516056e+06 1.942619413259051740e+07 4.695191024328107014e+06 2.270871332668790221e+07
6.590900757411852479e+07 1.695657190552806854e+07 1.308209008810232207e+07 1.183869223687636852e+07 1.070394442031528242e+07 9.427121196768695116e+07 1.693037514885537326e+07 2.039670401916424558e+07 8.253466743471145630e+06 1.731201078380283341e+07
7.432333611477445066e+07 2.237977308053525910e+07 1.323025753749857843e+07 1.140623374661769159e+07 1.850742742275776342e+07 7.702676073304814100e+07 2.168891700475757569e+07 1.791709937261048704e+07 8.297366065741322935e+06 1.294800239620675892e+07
7.468282264715519547e+07 2.303349490054195002e+07 1.176847689604337513e+07 1.077719502270897292e+07 1.688528984544752538e+07 6.058638781742148101e+06 1.434386582067843899e+07 1.163352942688699067e+07 7.876334981725001708e+06 6.469889726413482800e+06
9.749038178428758681e+07 1.789885696712124720e+07 1.218051408381988294e+07 1.112041286759653501e+07 1.103700816448976286e+07 8.410385867052419484e+07 7.471176263194226660e+06 9.976657704759571701e+06 5.493944089472885244e+06 1.251158235939450003e+07
9.848333029332013428e+07 1.394431138538940623e+07 1.472291690843885951e+07 9.932238497179936618e+06 1.214260291243750975e+07 9.761044251224538684e+07 1.775742646522566676e+07 1.598287590383135900e+07 8.087126656543063931e+06 2.088298646270055696e+07
9.148808675550316274e+07 8.951700230908252299e+06 1.471049345747558773e+07 7.183985391742400825e+06 9.225709995353050530e+06 1.149542891802559420e+07 2.086098806787587702e+07 2.020119966581599787e+07 9.388167284227609634e+06 2.179989734601123631e+07
1.016036472142131925e+08 6.371731864526329562e+06 1.143791719486840256e+07 9.710924594267284498e+06 5.624819675095950253e+06 1.208184324671928287e+08 8.342014707338063978e+06 1.519153552893231623e+07 5.455886560154524632e+06 2.084124521358952671e+07
8.143021207959781587e+07 8.670813100894009694e+06 5.026501820541544817e+06 1.510758214993036538e+07 1.738880897525380179e+07 1.204255525956629515e+08 8.689072960119901225e+06 8.230091891307183541e+06 7.047577634812444448e+06 1.765571120603408664e+07
1.095690912527682632e+08 1.000614956906433962e+07 6.932381342041423544e+06 1.407076031846628152e+07 1.003583106352717243e+07 4.502774952355713397e+07 4.342929770428147167e+06 1.070861661194682121e+07 1.565671760779131576e+07 2.338291725570977852e+07
1.040758937589421719e+08 1.109511799483986385e+07 1.593499920713070966e+07 1.630917492790780589e+07 1.908560597901846841e+07 1.528414929963573515e+08 1.664086327240660600e+07 1.317219370457382500e+07 1.973234450425189361e+07 3.115964557947484776e+07
1.371892222034857869e+08 1.192063055296884850e+07 1.725262088905748725e+07 2.338114946377588063e+07 3.110014581142429262e+07 2.075674163926876336e+07 2.258502530532062799e+07 1.344545339151070639e+07 1.642924795509636588e+07 2.020681830672760308e+07
1.194778435664193779e+08 1.770813655259434506e+07 9.491218780130598694e+06 2.197029933752883598e+07 1.500504584723512083e+07 1.847277732977750599e+08 9.013673015796817839e+06 5.872641840405875817e+06 1.319674419178062677e+07 3.425081866998186801e+06
1.269676901764621139e+08 1.375456953635036759e+07 8.478554215529361740e+06 1.488944791143504530e+07 1.365761010865836218e+07 5.151608366820528358e+07 1.653283154729017615e+07 1.157278452439355291e+07 2.334630593334458768e+07 2.543179236897052452e+07
1.490133100358761847e+08 7.184289282678885385e+06 1.212048987600441463e+07 4.526269932509677485e+06 9.096208522906180471e+06 1.912981024306499362e+08 1.339079612426306121e+07 1.800081128409866244e+07 2.103932762434392795e+07 3.371100028191521019e+07
1.478082168939902484e+08 7.538063294134288095e+06 4.867819750164689496e+06 1.569487758369694278e+07 4.139376800225373358e+06 3.387317032015007734e+07 1.333584336345204711e+07 1.014171868711502105e+07 1.352057090177848190e+07 3.218378612248202413e+07
1.694577763002682030e+08 1.320002876837099716e+07 1.000185629362399131e+07 2.554050172282337397e+07 2.539847120308966190e+07 2.089429331474621892e+08 2.069542562081591785e+07 1.293449909389979020e+07 1.991647948481390253e+07 4.149267598552831262e+07
1.819387348990315497e+08 1.236767472307930700e+07 1.307366333885555901e+07 1.266812186269559525e+07 3.582556533170841634e+07 1.702084602163134217e+08 1.981829258717937395e+07 1.134552570419141650e+07 1.240738224740379117e+07 4.372235072894389182e+07
1.824079088714052737e+08 1.668091991698062606e+07 1.221245898142234795e+07 3.384699374514862429e+06 2.396726372307338938e+07 4.000909136246577650e+07 2.095609325362527743e+07 1.627426453511963831e+06 1.131844957588596828e+07 2.099982249564219639e+07
1.926916938635113537e+08 1.278504629182634130e+07 2.275616263702826947e+07 2.017484276821951941e+07 2.657895514829283208e+07 2.511124826661843359e+08 2.645075750624211039e+06 8.881737206667877734e+06 1.005226826506195217e+07 7.982852038540830836e+06
1.917779195009430945e+08 4.580238992564988323e+06 1.019901280151011050e+07 3.035495780065433681e+07 2.886455713810348511e+07 2.767778562148784995e+08 1.165879997964745946e+07 7.550135549646621570e+06 4.620058402576545253e+06 1.160305876496371999e+07
1.790331267331182659e+08 8.623438958554752171e+06 1.049847028288135864e+07 2.879877791757168621e+07 9.088314544676113874e+06 1.656930885526373684e+08 1.802514630889361724e+07 1.153010394756681845e+07 1.340848456148677319e+07 3.640856071426232904e+07
2.014740792292441130e+08 3.495476254593110643e+06 9.873218281825093552e+06 1.106548339252914488e+07 2.419624837536542490e+07 6.131842402077519894e+07 2.061304364543133229e+07 5.868397241063726135e+06 1.141521951944765262e+07 3.803347104010610282e+07
2.570890044760580361e+08 1.120904572015867941e+07 1.162139628417379037e+07 3.404414806302460283e+07 1.200174464051431604e+07 8.398180690796785057e+07 1.619756539614736289e+07 1.658290600125031546e+07 2.752529017270244658e+07 2.570319561131715029e+07
2.815603107757374048e+08 1.024435336891104467e+07 1.053690283054710180e+07 3.227553955401730165e+07 2.102991126451051235e+07 1.285736605799912959e+08 1.668321686032115482e+07 1.570097833889550716e+07 1.577159343507933058e+07 3.243324380350798741e+07
2.867572410152558684e+08 2.728804809677754343e+07 2.657037258139875159e+07 1.590645311787969619e+07 2.515770828017203882e+07 1.436945177310286462e+08 1.735592455319814011e+07 9.063928591987593099e+06 1.489833958363482356e+07 2.922138030186723173e+07
2.871718862069562078e+08 8.546116174033805728e+06 7.013950263047160581e+06 4.421078264710967988e+07 1.516246510871831886e+07 6.670999617978026718e+07 1.445195906562228128e+07 5.187726295572446659e+06 1.260943403700073622e+07 3.757103953216426075e+07
2.947430655606577992e+08 4.146235619002691004e+06 2.045629697975526750e+07 2.769317573034109920e+07 3.269333143661561608e+07 1.300102992205669582e+08 8.794525163621699437e+06 6.497087228590431623e+06 3.618949068411646783e+07 1.574220774644926935e+07
3.499288668695881367e+08 2.945489136535211653e+07 2.853305158670566976e+07 2.160647701538462564e+07 3.843473931568092108e+07 3.347380809290111661e+08 6.754482752462863922e+06 7.257457441180139780e+06 2.683649571992735937e+07 2.178184392155868560e+07
3.219311230653163195e+08 2.316120183701024950e+07 2.284245094959162176e+07 3.520255616856919974e+07 3.921001675725352019e+07 4.720160049095219970e+08 2.501393943070250377e+07 4.904232264132171869e+06 1.482435384543036483e+07 4.020606889259222895e+07
3.666641576991881728e+08 3.448539550222259015e+07 2.087170638314183056e+07 4.306212630612298101e+07 4.520718190732172877e+07 2.041511009265683889e+08 1.723258945874012262e+07 8.928868641620405018e+06 3.201206543691103533e+07 4.159440228369394690e+07
4.363027072311154604e+08 3.737410072909817100e+07 9.919905134381135926e+06 5.225901601958534122e+07 3.111524466614883021e+07 4.377543111680920720e+08 1.910321664614659920e+07 1.274111636453356594e+07 1.340402724554843269e+07 2.120869811792831495e+07
4.252313666952285767e+08 1.015833485155587457e+07 3.360046980028391629e+07 7.150264918770352378e+06 8.664891234215831384e+06 3.655457284863733649e+08 2.006378113869579509e+07 4.455750243353420869e+06 4.012520655055740476e+07 2.973679459066257253e+07
4.007604567426807880e+08 3.574710225633163005e+07 2.976042157312131301e+07 4.145190303318800032e+07 4.281055077657413669e+06 5.761167381659146547e+08 2.502185150606917217e+07 1.662502839034576900e+07 5.648332368724441528e+07 4.237913342164824717e+06
4.853877195385859013e+08 3.067624929766673595e+07 3.316840740672573447e+07 2.575172731871553883e+07 4.671005398263259232e+07 1.830752671382923126e+08 4.045460505362809449e+07 2.287030294646500796e+07 2.579510106398256496e+07 3.039136413918946683e+07
5.382428673427910805e+08 3.628982698246171325e+07 3.349379786487905309e+07 1.389222962832021341e+07 3.983223444400004297e+07 3.096853783601897359e+08 6.318607454443833791e+06 1.165655345557867922e+07 7.881889785685007274e+07 2.601973868165570125e+07
5.608581313845288754e+08 5.044247827710161358e+07 2.183293143028122932e+07 5.690438625892002881e+07 4.758629370977491885e+07 4.990192290996931195e+08 2.774562902003407478e+07 4.472562277939767390e+07 3.321453096826455370e+07 7.068908442583138123e+06
5.189593710787467957e+08 3.617672533394834399e+07 4.291102425116046518e+07 2.441984628580786660e+07 4.803528430233030021e+07 5.329331465376059413e+08 2.337186108238475397e+07 2.503649784593030810e+07 6.172641844067396969e+07 2.382901133911991492e+07
6.271271079262572527e+08 2.639998466756890342e+07 2.001346360213681310e+07 3.052973602546634525e+07 2.687392528949384764e+07 2.866873122014520168e+08 9.884774476540613919e+06 1.314020787738200277e+07 2.228175368774106726e+07 1.363037317441950180e+07
7.191772882669727802e+08 4.340915778072953224e+07 6.193017378922197036e+06 8.674140350356353447e+06 3.088955479324961081e+07 4.055353640615673661e+08 1.472611426443637349e+07 1.403297042661918886e+07 7.105288891900731623e+07 3.108577433146061003e+07
6.945131442487717867e+08 1.554822853273225389e+07 3.843218168909598142e+07 3.328613123819474131e+07 1.734475328818118572e+07 9.637002418635551929e+08 4.727995975645691156e+07 1.380960355675420724e+07 8.665787015715563670e+06 5.758653762376026809e+07
7.737340860908799171e+08 1.232026318053871952e+07 1.511554971704417467e+07 8.087027089701771736e+07 3.962900800549960136e+07 2.657350308678148389e+08 1.675155350964849442e+07 1.265186184883945994e+07 2.162942201903804764e+07 1.895606509931922425e+06
9.155746152612279654e+08 1.361650575352870114e+07 1.707956112643654644e+07 1.867050713784485310e+07 6.775748196000659466e+07 7.824316571541899443e+08 3.338869060375993699e+07 1.426684326276975311e+07 3.218502194779565185e+07 4.407553768597985804e+07
7.682932504465740919e+08 2.154256223298997432e+07 3.118164004493339360e+07 4.428645760018226504e+07 2.098003332998761535e+07 1.175950568861202002e+09 3.486991075158312172e+07 3.047018551159182191e+07 3.306877153385063261e+07 3.797829463251879811e+07
1.010724909691635132e+09 1.077437742665366828e+07 4.041313311474318057e+07 2.583418017378474772e+07 1.247613579623646475e+07 1.222520389983393431e+09 5.873410798138689250e+06 2.325968648740427569e+07 2.204215320751367882e+07 3.320410775220746920e+07
1.061132409323873878e+09 4.036376668341024965e+07 3.431828277126465738e+07 3.962401306710810959e+07 3.170654450559907407e+07 8.832550265568372011e+08 1.634172435379008204e+07 1.287677819176243432e+07 2.745373303381283209e+07 7.694209331452021003e+07
1.166885209558518171e+09 2.212557544139134511e+07 4.066278272158672661e+07 1.365775868466468342e+07 9.721723619086997584e+06 7.812817479331376553e+08 5.322764458635793626e+07 2.072526116036109254e+07 5.506286179199593514e+07 7.373735208996546268e+07
1.203892367643028736e+09 6.540927011434081942e+07 4.004733328857216053e+06 3.097923784221672267e+07 5.997062721484596841e+06 1.124078422738551140e+09 2.312389660320089385e+07 6.015307022207178175e+07 2.749240718969995901e+07 6.660273582171576098e+06
1.305626833935884237e+09 5.084223899323726445e+07 1.658989789701849595e+07 5.456415629227341712e+07 1.420411852370059304e+07 1.783182123969429255e+09 3.993388630627931654e+07 2.099276630213066190e+07 5.737627640508747846e+07 9.144603850059400499e+07
1.298324048454456806e+09 4.127711796001967788e+07 3.649101392493908107e+07 2.486615946677672118e+07 2.203507817999675125e+07 1.958003101421113968e+09 2.688477729968395457e+07 2.759503756072020158e+07 3.929699689953026175e+07 5.716688352381427586e+07
1.492143147091112614e+09 9.832464578366754577e+06 4.131629607115533203e+07 5.665648287705964595e+07 3.706035077511969954e+07 1.225989242914661884e+09 4.107923596318164468e+07 4.072413314578365535e+06 2.194211773682656884e+07 3.290181226544179395e+07
1.678722622170478821e+09 3.249196927406252548e+07 2.194125832302958146e+07 2.256308261893105879e+07 3.257011425970698893e+07 1.892605438621452570e+09 4.090404009014098346e+07 1.262375708518621139e+07 3.208262398342442513e+07 7.555599691623483598e+07
2.027742383014822245e+09 4.694497856909919530e+07 2.761371311973857135e+07 5.331815594118043780e+07 2.567524609164948761e+07 6.851567405416623354e+08 2.941484957149998099e+07 3.086245279028949887e+07 4.749566703761601448e+07 6.028178772806269675e+07
2.213059721565422535e+09 2.408312409493171424e+07 1.179748602539732493e+07 2.200179785232643783e+07 1.294782886643386073e+07 1.240361751771830320e+09 3.613871924016809464e+07 2.550491420231264830e+07 4.466833902426815033e+07 3.040264561220850423e+07
2.030197020018797398e+09 2.238782126549942046e+07 3.104856337201113999e+07 4.091799551467473060e+07 2.877255597674742714e+07 3.176301395711672783e+09 1.743045823802972212e+07 4.842094041579276323e+07 1.758746529437755048e+07 3.988497617738289386e+07
