9.196751850786514580e+06 9.397952736947627738e+06 8.859284397567940876e+06 7.876767910272812471e+06 6.954205681687356904e+06 6.511509680312172510e+06 6.557876374736125581e+06 6.891406054438235238e+06 7.503222967598822899e+06 8.394824987261809409e+06
9.875434556624824181e+06 1.011008213044676185e+07 9.437661193233000115e+06 8.239986715249828994e+06 7.149015649335792288e+06 6.690225582453764044e+06 6.809833581508963369e+06 7.192710629320868291e+06 7.862923173957422376e+06 8.904489733070436865e+06
1.054849372131266445e+07 1.081804951709715277e+07 9.979648686858315021e+06 8.526186392854256555e+06 7.248295216330326162e+06 6.809410535489976406e+06 7.045218516806529835e+06 7.475071673311774619e+06 8.178881242944992147e+06 9.378021245502069592e+06
1.120230510994123481e+07 1.150596857316085324e+07 1.046201891427411325e+07 8.707235525136876851e+06 7.227295455919570290e+06 6.870026655063041486e+06 7.282539345115134493e+06 7.750911556654591113e+06 8.443243074710322544e+06 9.797898994650803506e+06
1.182167700637811609e+07 1.215492987356514670e+07 1.085704923402366601e+07 8.751302767219573259e+06 7.060706878077326342e+06 6.885217132640372030e+06 7.554447118257831782e+06 8.044598742341137491e+06 8.652978985527796671e+06 1.014493921682437323e+07
1.239070407696761750e+07 1.274327266788294911e+07 1.113261820640529320e+07 8.624001927460178733e+06 6.725055027385062538e+06 6.886428277812894434e+06 7.908083941656265408e+06 8.394077914058674127e+06 8.813350464332675561e+06 1.039917444321304373e+07
1.289417762904421799e+07 1.324729419912585244e+07 1.125282140439538471e+07 8.290883875339354388e+06 6.202822192400312982e+06 6.928179989747228101e+06 8.398958146311195567e+06 8.848105128715015948e+06 8.942037716323822737e+06 1.054121700351666659e+07
1.331966171505247429e+07 1.364258325078441948e+07 1.117943285664408840e+07 7.722562718407684006e+06 5.489898553796269931e+06 7.085457182728909887e+06 9.075970157498348504e+06 9.456123285046627745e+06 9.072864475006552413e+06 1.055418469498707168e+07
1.366023775361287780e+07 1.390619864838023484e+07 1.087475864040475525e+07 6.905779057703034021e+06 4.610928508724313229e+06 7.435501346022594720e+06 9.960420811492310837e+06 1.025057949487094767e+07 9.256623101626837626e+06 1.042622482530049048e+07
1.391765776449840330e+07 1.401992263675818406e+07 1.030691368464673683e+07 5.870435748870726675e+06 3.657493570456624962e+06 8.023716005421104841e+06 1.102723796404121630e+07 1.122660052676167153e+07 9.555071960536036640e+06 1.015361357752689347e+07
1.410513078907441534e+07 1.397475731867184862e+07 9.459779211321761832e+06 4.765974001309301704e+06 2.889714138105363585e+06 8.831376992880281061e+06 1.219553733391107619e+07 1.232650005310065672e+07 1.002511953807344474e+07 9.744376298918141052e+06
1.424815650571310706e+07 1.377659536444311589e+07 8.353356183106523938e+06 4.060536427471308038e+06 2.824527967197765131e+06 9.766056084114113823e+06 1.332954042346451804e+07 1.343334886495613120e+07 1.069618374380937777e+07 9.222508195923445746e+06
1.438096365110093355e+07 1.345236639567069523e+07 7.090216208707889542e+06 4.570870028131032363e+06 3.658908116779210046e+06 1.067447267053735256e+07 1.424852081665524282e+07 1.437328424312530272e+07 1.155154677744034491e+07 8.633462416615828872e+06
1.453613524356205203e+07 1.305457306691602990e+07 5.963876968397254124e+06 6.438165367336076684e+06 4.932167412422461435e+06 1.136429206657084636e+07 1.474897563782709278e+07 1.492616280961320549e+07 1.252450108392882161e+07 8.052880796365596354e+06
1.472751696358509734e+07 1.265973147911914065e+07 5.598345685141574591e+06 9.105103198766944930e+06 6.213895268935198896e+06 1.162970070274013281e+07 1.465159275833706744e+07 1.484864140725657716e+07 1.351044065850557759e+07 7.601356485047014430e+06
1.493232433311343752e+07 1.235393648549204879e+07 6.590357127104887739e+06 1.214913675963178277e+07 7.221964518682615831e+06 1.128688517816584185e+07 1.390292776605956256e+07 1.392203217446385697e+07 1.438785163884215057e+07 7.460958073202762753e+06
1.508514062163479440e+07 1.220132190674335323e+07 8.739846274684937671e+06 1.529207853112144582e+07 7.741902681925331242e+06 1.023243022417190485e+07 1.279530326281588338e+07 1.205993229697853699e+07 1.504001597382073849e+07 7.862094370443464257e+06
1.510004654878823273e+07 1.220457784415524639e+07 1.147255988093172573e+07 1.830082344697286934e+07 7.614959469328743406e+06 8.552996694192955270e+06 1.232783015684116818e+07 9.606392813886441290e+06 1.536951116544867866e+07 8.997044799404218793e+06
1.493731328875344619e+07 1.228357595316877961e+07 1.434491687718200497e+07 2.096763807208543271e+07 6.764827440678490326e+06 6.767452921232664958e+06 1.402026853784512542e+07 8.198520008136183023e+06 1.529555381852232106e+07 1.090976396842224710e+07
1.472794776792437397e+07 1.229433122007834911e+07 1.702958405493343621e+07 2.312982877172724158e+07 5.239385913149042986e+06 6.156154820871372707e+06 1.822027915337292105e+07 1.051751857664011605e+07 1.472540032141942903e+07 1.346630238528148457e+07
1.492651570192383416e+07 1.208402403313011304e+07 1.926131516524207965e+07 2.470062746252307668e+07 3.269443663156921044e+06 7.559649784272991121e+06 2.363995883627263084e+07 1.576608861040171236e+07 1.350664259504351765e+07 1.637554094552414678e+07
1.627788608939188905e+07 1.156071373155014031e+07 2.083206414026485756e+07 2.568238566964211315e+07 1.604532530630951282e+06 9.728645007956553251e+06 2.854886065676042438e+07 2.153016110851368681e+07 1.140119119422678463e+07 1.920027194390694797e+07
1.928851117248984799e+07 1.075877446281553619e+07 2.160625864204585925e+07 2.612584704262866825e+07 2.402954344283696264e+06 1.127023108592498489e+07 3.127821667669457197e+07 2.603707413522241637e+07 8.161817512926268391e+06 2.138445641282416508e+07
2.366359753897062689e+07 9.878304382847083732e+06 2.152928060516186431e+07 2.601827520142205432e+07 4.395303232503172942e+06 1.166437194568714127e+07 3.051062455650387332e+07 2.790570221541113779e+07 3.996893360193856061e+06 2.234446842068022117e+07
2.843860268323323131e+07 9.249764108192447573e+06 2.061065872669874504e+07 2.516078559385529533e+07 6.702501431242276914e+06 1.156994296129290015e+07 2.593890995182269812e+07 2.634551853263811022e+07 4.214459560477363877e+06 2.164411377868049964e+07
3.242383483279271424e+07 9.170926729725155979e+06 1.888476329821814969e+07 2.319760743094079942e+07 9.483081418817324564e+06 1.268003843854020908e+07 1.978765100759844109e+07 2.189069297884118930e+07 1.007868718575798906e+07 1.921810833904988319e+07
3.463764802042003721e+07 9.738065249889675528e+06 1.639314507615531608e+07 1.999936254894250259e+07 1.240116172963340767e+07 1.534855561701794900e+07 1.890781064773921669e+07 1.781288492761389539e+07 1.548349608066959679e+07 1.550121202592581697e+07
3.486667596946651489e+07 1.091770285390837677e+07 1.326983183594968170e+07 1.662301124420575984e+07 1.432570063019897789e+07 1.737818596112784371e+07 2.547538806089691818e+07 1.933083441887524351e+07 1.819021328985788301e+07 1.115453964424156956e+07
3.425073740516587347e+07 1.265174734762805328e+07 9.995687178906433284e+06 1.632114743333539367e+07 1.392598256634922698e+07 1.632759727088353224e+07 3.145018681718971208e+07 2.449870905223417282e+07 1.671961581425304152e+07 6.204672398839195259e+06
3.484105222794746608e+07 1.467440539620457217e+07 7.698912225314497016e+06 2.072896436081444472e+07 1.142480612476390600e+07 1.136975511288075522e+07 3.212319529236919060e+07 2.702734561333205178e+07 1.137660910684740543e+07 1.411976850929676089e+06
3.690743702528288960e+07 1.637391545297287032e+07 7.336577381072207354e+06 2.612759215991320461e+07 1.276802775459663197e+07 4.236995783858806826e+06 2.956679909203789011e+07 2.372004990580539405e+07 7.428496285231388174e+06 1.008803040257271938e+07
3.738354423519258946e+07 1.709647412769588828e+07 7.860325163215897046e+06 2.854513885882659256e+07 2.240808785202135891e+07 2.919602024947947823e+06 3.089377745298249274e+07 1.500871591861286201e+07 1.138130534994070791e+07 2.032232132472415641e+07
3.342737479278067127e+07 1.663758267374947108e+07 8.575488116319946945e+06 2.608381826517225057e+07 3.476109878992698342e+07 4.607221746212371625e+06 3.516150489940037578e+07 6.342159925595699809e+06 1.404354864787230082e+07 2.722664848766981065e+07
2.928245376894665882e+07 1.520401919150000811e+07 1.083973259732223675e+07 1.886537512517539412e+07 4.545245710221026838e+07 5.799781051793948747e+06 3.358511241395921260e+07 1.187593362775338255e+07 1.228991567949978448e+07 2.619279753319430351e+07
3.671378520594310760e+07 1.282483117303211056e+07 1.429779726995123178e+07 7.809166196089557372e+06 5.105892518646883219e+07 1.135604712370279245e+07 2.464232085724720359e+07 1.929381261920693517e+07 1.094100530120248906e+07 1.854126673872849345e+07
5.050805804282848537e+07 1.088825943768071570e+07 1.604365745944801159e+07 8.998264847613709047e+06 4.782288626992781460e+07 1.471234279749719426e+07 1.815163914545622095e+07 2.254267892496816069e+07 1.222920486246843636e+07 2.098241834823825955e+07
5.872975335198441148e+07 1.426680810493876785e+07 1.417098819709159061e+07 2.830451095939981565e+07 3.393181877241569757e+07 1.556705218291792646e+07 2.082909305862523615e+07 1.993331773561732844e+07 1.275881683686055429e+07 3.119643258725021780e+07
6.412622108371625841e+07 1.955918328292080387e+07 9.670999570186642930e+06 4.604578914745859802e+07 1.481706447711366229e+07 1.906669834039805830e+07 2.401068581422920525e+07 1.056099166923928261e+07 1.735794457532790303e+07 3.160237649092451110e+07
7.562400384023250639e+07 1.891927334189509600e+07 6.187559730470317416e+06 5.232068869742003083e+07 9.506101015557486564e+06 1.953463875270447135e+07 2.102784397019597888e+07 1.581418999164172076e+07 2.317771426212421805e+07 2.374598135745475441e+07
8.136975653094151616e+07 1.456495258834862337e+07 1.040761094246231392e+07 4.117782077233841270e+07 1.192656462540487386e+07 1.286554231109370850e+07 2.052751496512066573e+07 2.704957446536158025e+07 1.873075755827604979e+07 1.503708443368448690e+07
6.802664303889639676e+07 2.004809819647706300e+07 1.882891156165149808e+07 1.718088090303015336e+07 1.095308803999844380e+07 1.082253697293546796e+07 2.698453628294791654e+07 1.765267587595769390e+07 1.805107556493977830e+07 2.754749841052975506e+06
5.692038360019948334e+07 2.336256553642170504e+07 2.624505520226308331e+07 7.553592389272580855e+06 2.499570452737649903e+07 1.782748083907001466e+07 1.160425694514545240e+07 3.500547554416960478e+07 3.989212902202975005e+07 1.676880817413929105e+07
6.899821816491697729e+07 1.796027960944177210e+07 3.496958102612535655e+07 2.166514403807339817e+07 3.874909476784167439e+07 2.342359965203958750e+07 1.530985917760206200e+07 5.291724213208314776e+07 3.871610820947976410e+07 1.645155157151953317e+07
9.016460707114739716e+07 1.273761329223163426e+07 4.116796338879965246e+07 2.586809705180729181e+07 4.247964807964695245e+07 1.796306209053353965e+07 2.153395904628081992e+07 2.489947743482484296e+07 2.953680735272344202e+07 1.543556162270194665e+07
1.078720831509295255e+08 4.651525927766165696e+06 3.430788204993001372e+07 3.994079153918064386e+07 5.519452993242682517e+07 1.135701834921908565e+07 1.667842466083122976e+07 1.977658842482719570e+07 2.766256291170385107e+07 1.988478841783694923e+07
1.000430017342622876e+08 4.611992518289996311e+06 2.144570485484320298e+07 5.122670781189941615e+07 6.389445934624282271e+07 1.768854248446766287e+07 3.038000130802170839e+06 2.973698962713944539e+07 2.494915367516605556e+07 1.399693604479222000e+07
9.671666538124683499e+07 1.203559559166091681e+07 2.541190187966922298e+07 3.686667802062863111e+07 5.364889001875372231e+07 1.151237858950697631e+07 1.631270442259857431e+07 2.293061747624622658e+06 1.925075897219371051e+07 1.924418558350547031e+07
1.096706009996328354e+08 1.809612182061800733e+07 2.686002443232340366e+07 1.671227991163112409e+07 4.058895714765103161e+07 3.375119693588957936e+07 1.154315892570103146e+07 1.651198254725137912e+07 7.970736015097471885e+06 2.292884295282212645e+07
1.364740150886625350e+08 8.807276220139248297e+06 3.746940557132570446e+07 5.460421281920505315e+07 2.529065502055573091e+07 3.220322406430948153e+07 3.507928598321127146e+07 2.215954077095463499e+07 1.034013215244651213e+07 2.359380716509165987e+07
1.187632073138052076e+08 1.126633528543092497e+07 4.420242680916356295e+07 2.899426673974612728e+07 4.877616546225143969e+07 3.255554699239080772e+07 1.670172744393418543e+07 5.201813031125185080e+06 6.094139350790270418e+07 3.334822607179642469e+07
1.189534079010432363e+08 2.595796409180210531e+07 2.108028163608726114e+07 1.169775389563146606e+07 6.323352733628956974e+07 2.085906462133129686e+07 3.736966559506649524e+07 2.551821411767295003e+07 4.259288690640664846e+07 2.376887254197144881e+07
1.281002985348866135e+08 2.250551755349148810e+07 2.542886131516455486e+07 1.695518576975619793e+07 6.530027204127021879e+07 2.429319619420845807e+07 3.056823279899960756e+07 9.932433727827327326e+06 1.344208402308769897e+07 2.288730941660241783e+07
1.540106386758203506e+08 1.381923853969605453e+07 5.038501577710387111e+07 5.616383316586527973e+07 4.705831744426632673e+07 1.140998224184612371e+07 2.442065385779799148e+07 4.456006378745236993e+07 2.741032762845164910e+07 2.153886524185861647e+07
1.334937951143862754e+08 1.656962355346662924e+07 3.236149827097331360e+07 7.215459134215709567e+07 3.243276595275413245e+07 3.142266632237428427e+07 8.167178754573450424e+06 4.120598757404386997e+06 3.461777740211922675e+07 2.589093004633390531e+07
1.308427089717910290e+08 3.954162464757595956e+07 3.128429419738262147e+07 5.628669015067489445e+07 4.310871110584180057e+07 1.964718902955933660e+07 3.807094122298768163e+07 3.961707597821228951e+07 2.560813620118272677e+07 6.503042154256118834e+07
1.789730430487102270e+08 4.445370896724956483e+07 2.195824450330019370e+07 3.901142609321474284e+07 2.370934381332468987e+07 2.518402151841176674e+07 4.459200778888540715e+07 2.185350569942238554e+07 4.591226812779379636e+07 2.668188694750889018e+07
1.324007244670627266e+08 2.471671410856992006e+07 2.276080140561757982e+07 8.991079780347873271e+07 4.072116835442173481e+07 2.514892854284831509e+07 4.869469306015369296e+07 4.573771979387545586e+07 3.099811658096397668e+07 4.000755065713098156e+05
1.951802882435601950e+08 3.307513434800772369e+07 3.411469928616340458e+07 5.639309775896248966e+07 1.646008985859829374e+07 2.232688169579123706e+07 3.386996496757520735e+07 5.817110606107367575e+07 2.197281141403189301e+07 1.070098146373882703e+07
1.491128533410021067e+08 4.453627700890148431e+07 4.150433956508032046e+06 5.099117314654652774e+07 7.849499413463150151e+06 1.871530575231717154e+07 5.576003403009349108e+07 4.049081021337445080e+07 5.302449749946360290e+07 2.055329101117843762e+07
1.796581814728924036e+08 1.473304649361054599e+07 7.620138845052951574e+07 7.754815236294117570e+07 2.960037230596455187e+07 3.080797347986745462e+07 3.525726713168418407e+07 3.774987112298791297e+06 7.249586025901290774e+07 3.901322294217038900e+07
1.815475312100512385e+08 2.413160523708359152e+07 1.626096200334850140e+07 6.491015566500525922e+07 5.716226773919687606e+06 2.839328072603281960e+07 3.085477166960243508e+07 2.934781414100490883e+07 1.168184350983710587e+08 2.029946949334049225e+07
1.952432119250505269e+08 3.303532627318091318e+07 4.133483479208038747e+07 5.342919676044786721e+07 4.140902747050083429e+07 2.365600785617757961e+07 1.464189464776479453e+07 4.494435170993478596e+07 2.987941337738918141e+07 4.485416930723479390e+07
2.058490270120789409e+08 4.050767155131266266e+07 5.397090256853017211e+07 2.987994020220459625e+07 2.186621714986995235e+07 1.474040407076578029e+07 8.498516060050207376e+07 5.359697002820436656e+07 5.261651351905232295e+06 3.981233943595317006e+07
1.937187640968686640e+08 3.681056938028044999e+07 2.435080641366592050e+07 6.553074064793981612e+07 3.483502539083644003e+07 2.987141797016982362e+07 2.232129654460202530e+07 7.200156003221735358e+07 8.537239144041225314e+07 4.876476808822387457e+07
1.972100151499668658e+08 2.745855906863248721e+07 1.257268426007923670e+07 6.520503352715089917e+07 2.701641611039975658e+07 5.959470135958086699e+07 1.027475301404754966e+08 8.108965387683099508e+07 9.871436675191329420e+07 4.105168186036200076e+07
2.421777679432878494e+08 7.488875744247569144e+07 4.849609029933448136e+07 1.533245214368751086e+07 2.894825515520323813e+07 5.105053889842242748e+07 6.518570733777985722e+07 3.220731936680772156e+07 4.182286636013186723e+07 1.301888717886215299e+08
1.900115297307528853e+08 1.371264103677805699e+07 6.630524154769280553e+07 2.159760088595999405e+07 6.376565457953400165e+07 7.173204415015600622e+07 9.955909948151808977e+07 2.356910750680689886e+07 4.361401426244119555e+07 6.529322767510501295e+07
1.579398920058304667e+08 2.218996284193326160e+07 2.633341950238994509e+07 9.061972387897418439e+07 4.200882312991488725e+07 9.321744949935164303e+06 5.389518946910230070e+07 6.014151721874375641e+07 6.933877905929939449e+07 6.303605536288438737e+07
1.973847752084929645e+08 1.118996101247961968e+08 6.391074050547760725e+07 5.434821636919271201e+07 5.313383685669031739e+07 4.419205272505847365e+07 5.387073150168123841e+07 9.349789939169763029e+07 4.016877709812571108e+07 1.171410128477681428e+08
1.915690126214243174e+08 3.011764230999709293e+07 6.352136001951649040e+07 1.898823238416052610e+07 1.970690547898797318e+07 5.426455459827493131e+07 1.752511722535979748e+07 7.555609151308366656e+07 5.519052630667679012e+07 3.320310058135357872e+07
1.799263589370744526e+08 4.341901892889098823e+07 8.021821622541972995e+07 8.341305104734665155e+07 8.347493907525731623e+07 5.808820955459553748e+07 2.393899704962619767e+07 4.649574951393600553e+07 6.077638391385560483e+07 3.036510049187041819e+07
1.832497887469671369e+08 5.333863061790518463e+07 1.023680402409048006e+07 4.219685697958438657e+06 6.092511571497190744e+07 5.200433419340945035e+07 3.262183655305374414e+07 3.824681671693140268e+07 5.863424114877473563e+07 7.351910790767331421e+07
1.295596478319863677e+08 1.211614943959552981e+07 4.221039409620228410e+07 3.435663688497666270e+07 7.285064940160880983e+07 3.590750829055336118e+07 4.760674007520165294e+07 3.098148960046472773e+07 1.736763602336629927e+08 1.051556252586283349e+07
1.817712539632937908e+08 2.620150410120593756e+07 5.836466373970866948e+07 1.946262853530210629e+07 4.988316140772822499e+07 2.687965385385604203e+07 3.442046402582367510e+07 6.255169553604815155e+07 1.113941488707031459e+08 3.937447389700195938e+07
1.291451577800997198e+08 2.818574663386814669e+07 9.319620502753429115e+06 4.144379446141724288e+07 3.907676425912461430e+07 6.110328869708833098e+07 4.930315717635453492e+07 6.914210510560235381e+07 4.850501123113508523e+07 6.095814122549546883e+06
8.109369981111982465e+07 5.779579694688055664e+07 4.437053086963044107e+07 6.139889173787165433e+07 3.905553583113854378e+07 4.292852099173033983e+07 9.407655072755198181e+07 5.024660677307935059e+07 1.077333777633508593e+08 2.419050316706005111e+07
1.362227775004395843e+08 4.780819847608306259e+07 4.919115054703954607e+07 5.509409103761020303e+07 3.778480699953084439e+07 2.891780177219994739e+07 1.962678893790075555e+07 9.570421849027934670e+07 2.189043097280606255e+07 7.893004170008677244e+07
1.461087885502919257e+08 9.513515866944603622e+07 3.346082963408606127e+07 4.527835328751254082e+07 2.041260577842781320e+07 1.777016540347643569e+07 3.563899687211124599e+07 5.028658492908219248e+07 1.132921441215352267e+08 1.016585311374396682e+08
1.476925290123815536e+08 2.466980115854901448e+07 1.060414810959878415e+08 1.068250169463717937e+08 5.992984655918671936e+07 9.553366388549009338e+06 6.169791357493452728e+07 4.306520990873648226e+07 4.893319462006418407e+07 7.107823317511631548e+07
1.817872498897808492e+08 4.840077268132665008e+07 2.945394966915979236e+07 5.290556521393164992e+07 8.353693101423603296e+07 1.221625294541982375e+07 2.099431400949477404e+07 8.210220550021304190e+07 4.127517018950226158e+07 2.579304161431341898e+06
2.086393797515787482e+08 5.970842835436544567e+07 7.853176460722082853e+07 6.919102454189905524e+07 7.523091008453264832e+07 4.331235677041828632e+07 7.176129501279678941e+07 7.130322801258367300e+07 1.009215672941745222e+08 4.060094957446411997e+07
2.570967261775884032e+08 2.502145084323937446e+07 1.762453954019848108e+08 7.142486678543299437e+07 8.684704150119271129e+06 3.630351334316246212e+07 9.344527380535452068e+07 4.921905384460663795e+07 5.033856459267988801e+07 2.794749364766947180e+07
3.438196184822816849e+08 3.299849400689115748e+07 6.089739601232381165e+07 5.978966889558413625e+07 5.138099723698209226e+07 1.819298598008333892e+07 4.293280726474380493e+07 5.732922998982799798e+07 5.911599090839969367e+07 7.284808633532004058e+07
2.482574913687934875e+08 7.031214353617189825e+07 9.091655696241632104e+07 4.506257832888370752e+07 2.514112267150590941e+07 8.307025783532365225e+06 5.081775512436240911e+07 9.439634848207668960e+07 3.449617293703281879e+07 9.481560984993968904e+07
3.671778402068105936e+08 1.250758382084287554e+08 4.407399455021345615e+07 3.449744693749513477e+07 1.658392429534946941e+07 9.523732006561828777e+06 6.383198097588195652e+07 1.495191517949509025e+08 4.021663421963297576e+07 4.691218973365263082e+06
4.083191096238508821e+08 3.028122052231752872e+08 3.605913652320933342e+07 8.950602590666350722e+07 3.470472795679824054e+07 1.377424891477846913e+07 2.842156241437716782e+07 7.913343223410020769e+07 2.863395053687213734e+07 4.046974003167963773e+07
3.798238746226161718e+08 2.650698256042383611e+07 8.394957350444492698e+07 5.610715932803365588e+07 2.332568819337197393e+07 3.571654201060406864e+07 5.990089171282487363e+07 1.479174982456771657e+07 1.150675305290643312e+07 2.496864377836610004e+07
3.409379067593539357e+08 3.900297674105363339e+07 8.498274598567314446e+07 5.119063895128025115e+07 1.373974876997082680e+07 3.540728939065220952e+07 7.857601383886875212e+07 7.223885025485907495e+07 6.581362569278419018e+07 4.823163237917546183e+07
2.983430361762391329e+08 1.083306303340151310e+08 1.529715294938184321e+08 3.720012942015088350e+07 1.681899234504346251e+08 3.883371610992427915e+07 2.394712136422325671e+07 3.278770863457537815e+07 2.352391225708566606e+07 2.534539573834380135e+07
