5.732631016406100243e+06 4.893552023721775971e+06 4.644521146973903291e+06 5.143698362633234821e+06 6.256177001048426144e+06 7.450862973883748986e+06 8.170599103112931363e+06 8.228061782591746189e+06 7.736120863488291390e+06 6.822866276570784859e+06
5.822843657127806917e+06 4.819560558482865803e+06 4.528294671879695728e+06 5.146236791844153777e+06 6.527188466981415637e+06 7.990538916701537557e+06 8.831504199569443241e+06 8.851091952548241243e+06 8.239189972394894809e+06 7.139675894395375624e+06
5.815413875549362041e+06 4.626556150334565900e+06 4.289585447593742050e+06 5.049949515269357711e+06 6.761790524992507882e+06 8.549193129052298144e+06 9.520568160471383482e+06 9.473040139550395310e+06 8.714027885367438197e+06 7.399076139935303479e+06
5.687300644825620577e+06 4.295419876868131571e+06 3.910593929052850232e+06 4.837644058669349179e+06 6.955982896292617545e+06 9.132074887173246592e+06 1.023944188050885871e+07 1.008178787801722437e+07 9.143601304603662342e+06 7.583513525808942504e+06
5.414974988684844226e+06 3.814015268053627107e+06 3.381627262282473966e+06 4.494379592048289254e+06 7.109576578601544723e+06 9.748546732780216262e+06 1.099259745196413435e+07 1.066331246202806570e+07 9.508886802819760516e+06 7.675908475072400644e+06
4.976206006851292215e+06 3.190054208705180325e+06 2.716055187143259682e+06 4.009916392584396061e+06 7.227403246216999367e+06 1.041248275352864526e+07 1.178843703852239065e+07 1.120210273340367526e+07 9.789961400632644072e+06 7.662447951881314628e+06
4.352662064193590544e+06 2.490439284279522020e+06 2.002566524719130713e+06 3.382000757692402694e+06 7.319562452011915855e+06 1.114140752889460139e+07 1.264010342930828780e+07 1.168192308070717752e+07 9.968042392977977172e+06 7.537331646808211692e+06
3.533533649481641129e+06 1.972165361424534349e+06 1.597570406097251689e+06 2.620845367404023651e+06 7.399527989951131865e+06 1.195352265540022030e+07 1.356538167686358094e+07 1.208700722788046487e+07 1.002896879048323445e+07 7.310525459903500974e+06
2.520677272175378632e+06 2.195540929193818942e+06 2.098064329624169040e+06 1.756858675466240151e+06 7.478858070560908876e+06 1.286194651578352228e+07 1.458482831752517819e+07 1.240372684343208745e+07 9.968788124765915796e+06 7.019627176582482643e+06
1.339290575799900806e+06 3.262043895583991893e+06 3.291017683575509116e+06 8.729393631310818018e+05 7.558190726718610153e+06 1.386615520300451666e+07 1.571719177525606193e+07 1.262269190665464103e+07 9.802165515248563141e+06 6.745028649260859005e+06
3.028309338190577691e+05 4.753748519296652637e+06 4.743047994042609818e+06 5.352549699151034001e+05 7.616523656482856721e+06 1.494164216043488123e+07 1.697151161569133401e+07 1.274107618018691242e+07 9.573720494131989777e+06 6.618886916491001844e+06
1.475009281162826810e+06 6.395076304813084193e+06 6.233341905212840997e+06 1.237347682851990685e+06 7.603532311414060183e+06 1.602979499490368553e+07 1.833610497247777879e+07 1.276471503780914098e+07 9.369553561701340601e+06 6.800801617424242198e+06
2.845396658324388787e+06 8.001589066401354969e+06 7.594813811604490504e+06 1.932764603521781974e+06 7.441005118543986231e+06 1.703058564742998406e+07 1.976578121400110796e+07 1.270925662732014060e+07 9.318619722779575735e+06 7.398905138517727144e+06
4.068957176183865871e+06 9.400308781231286004e+06 8.664320513696812093e+06 2.387728919476933777e+06 7.039479424952901900e+06 1.780109004241089150e+07 2.116969798497356847e+07 1.259959092704772390e+07 9.564001660336146131e+06 8.390549002451729029e+06
4.978658144523620605e+06 1.041905214272732288e+07 9.291893804557325318e+06 2.530372371818706393e+06 6.339637506847932003e+06 1.816384123405370861e+07 2.240314903130475432e+07 1.246741890462722071e+07 1.019499782508754171e+07 9.625737314729066566e+06
5.397967539137527347e+06 1.091066204527369328e+07 9.385844899148162454e+06 2.431858632067345548e+06 5.406709310211131349e+06 1.793167000656542182e+07 2.326774421995410696e+07 1.234871154037691280e+07 1.117935214908849448e+07 1.088591222210219502e+07
5.159210905401866883e+06 1.081012400334570371e+07 9.005893939472610131e+06 2.479867347005363088e+06 4.645627903087673709e+06 1.696227619930830225e+07 2.352710153719787672e+07 1.228566904581251740e+07 1.235422208368276246e+07 1.193145449174680933e+07
4.140002087938806042e+06 1.023786866606585309e+07 8.521768959872759879e+06 3.252766983213494066e+06 4.934909509764511138e+06 1.527326248644773103e+07 2.295175982376179472e+07 1.233883334291103482e+07 1.347390647961288877e+07 1.253159948995150626e+07
2.333881808613445610e+06 9.647205273660914972e+06 8.703627709418613464e+06 4.714613931381823495e+06 6.591530781018553302e+06 1.328876921338246018e+07 2.142426335485734418e+07 1.260789495431247354e+07 1.427670042604527064e+07 1.249639019555116631e+07
9.687071863498874009e+05 9.822107238249065354e+06 1.018957745256155916e+07 6.357588996828465723e+06 8.816044634115349501e+06 1.223519461560713500e+07 1.918098780799911171e+07 1.323863118145917542e+07 1.456883443980520032e+07 1.172176132843288779e+07
3.717718916632618755e+06 1.123762053251847066e+07 1.265707829654109292e+07 7.668669126820753329e+06 1.068062075658351928e+07 1.373422679715226591e+07 1.732192879944278672e+07 1.437164637756718136e+07 1.436301073596826568e+07 1.024751151468577795e+07
6.929260401897727512e+06 1.337651122176344693e+07 1.514530132545522414e+07 8.267051675664751790e+06 1.139320930891864933e+07 1.766262601186583564e+07 1.814189306008960679e+07 1.601687145424947701e+07 1.410732858088019677e+07 8.315613373156239279e+06
9.738807604158150032e+06 1.516746777822633088e+07 1.672334233020707779e+07 8.135970191200987436e+06 1.034927649895662628e+07 2.224275594841091335e+07 2.308235210236468166e+07 1.792506861822118983e+07 1.483666923978261277e+07 6.381225804722777568e+06
1.158300918375017121e+07 1.561277183477566391e+07 1.686540524337922037e+07 8.002027684834989719e+06 7.363803752814608626e+06 2.564763292339086905e+07 3.070189112339362502e+07 1.954985877787069604e+07 1.755773322860927135e+07 4.909506479839145206e+06
1.210879543189476430e+07 1.409567822365874983e+07 1.591862585389438272e+07 9.095161486633542925e+06 3.525619614166644402e+06 2.641867983084204048e+07 3.850057167437486351e+07 2.011917708045964688e+07 2.208948241008463502e+07 3.825583782965329476e+06
1.143986986190813594e+07 1.068380737839256600e+07 1.566041503650596738e+07 1.132991394206132554e+07 5.222525199812410399e+06 2.370800917963476107e+07 4.405383226865078509e+07 1.880462613727956265e+07 2.715047132219717652e+07 2.693007428113090806e+06
1.052519203145975247e+07 6.857967030890535563e+06 1.824435349648967758e+07 1.306443281887681782e+07 9.896516860677137971e+06 1.777579602220191434e+07 4.520910433321394771e+07 1.500475005668464303e+07 3.113274723985196650e+07 3.350038302080889232e+06
1.115792626995004900e+07 6.797401699924550951e+06 2.303036054630423337e+07 1.267931485606945865e+07 1.300011715304324031e+07 1.089250156474390998e+07 4.059266294965145737e+07 8.816885120172398165e+06 3.257960893330873549e+07 7.017686813452316448e+06
1.448484548855233938e+07 9.819678037189381197e+06 2.729660143683612347e+07 9.453842752432012931e+06 1.444591766005470790e+07 8.519645953626550734e+06 3.077446294695303217e+07 3.645179726128522307e+06 3.063246146570937335e+07 1.111531352888990007e+07
2.013128539626555145e+07 1.089400700264917314e+07 2.871715314142711088e+07 4.234526136658551171e+06 1.680504012371652573e+07 9.882522190718807280e+06 2.133280574613954872e+07 9.198888174571745098e+06 2.560051316286069900e+07 1.339090236082385480e+07
2.726618613740205020e+07 7.852012126520613208e+06 2.648276946909689531e+07 4.515180598745167255e+06 2.143782933887152374e+07 7.665399296796740964e+06 2.421232199022543803e+07 1.418584333902282082e+07 1.943219187218479440e+07 1.197705207184743322e+07
3.428579070731687546e+07 2.753751163273154758e+06 2.259361542614116520e+07 9.595323950950814411e+06 2.523771760462367907e+07 8.065275411669099703e+06 3.340817170837050304e+07 1.407342432324724644e+07 1.507882908271717466e+07 6.956281237436189316e+06
3.823695187548001856e+07 1.069099177514206991e+07 2.193904650126789138e+07 1.222277175749813020e+07 2.516772300313251838e+07 1.981130451129509881e+07 3.548015428420346230e+07 9.726953771758917719e+06 1.341028993954704329e+07 8.260460740386735648e+06
3.559415507238572091e+07 1.930866147662682831e+07 2.516350691398495063e+07 1.148952956878553703e+07 2.241597583522159979e+07 2.930582286739958078e+07 2.594113832921914756e+07 1.350821918897292204e+07 1.499903586827667803e+07 1.771162841787804663e+07
2.455810650277143344e+07 2.443638651791040227e+07 2.852059306385027990e+07 8.844724309781977907e+06 2.069023660804272816e+07 2.753117452777351812e+07 1.471815711325284652e+07 2.385910895682404935e+07 2.385330340551899746e+07 2.572747818858737871e+07
8.515539816069314256e+06 2.831698867282018811e+07 3.270902834062810242e+07 1.009622565390405990e+07 1.811530839075642824e+07 1.189973576836908236e+07 2.913908589493022487e+07 2.761864515601247177e+07 3.577581826751935482e+07 3.202934715048930794e+07
1.158784475879139081e+07 3.187639349986314029e+07 3.476577532152113318e+07 1.766202690818151459e+07 1.123391829975759052e+07 1.769029647558026388e+07 4.266807247806401551e+07 1.947742305520876497e+07 4.163496331106846780e+07 3.977578370788908750e+07
2.281631712167872488e+07 2.777020293076975271e+07 2.620962155984941497e+07 2.280245331276977435e+07 1.089622653232459351e+07 3.898941014106278121e+07 3.945092647350251675e+07 4.039289315728332847e+06 3.726830539274860919e+07 4.674374997035405040e+07
3.332508032524064928e+07 1.212665020460134931e+07 1.599293323153433017e+07 1.830245688870541751e+07 1.682389984725448489e+07 4.190152904687818885e+07 2.046614168925884366e+07 1.205824415290313214e+07 3.301742714027606696e+07 4.520316116668719798e+07
4.078785865903566033e+07 7.179440665988015011e+06 2.560685965481408313e+07 1.369266837141835131e+07 1.236819899823365733e+07 2.169786705821470916e+07 7.651645225208966993e+06 1.331503213453690335e+07 3.790759946169827878e+07 3.165629628297665715e+07
3.550762489277326316e+07 1.917255904014961049e+07 3.406618206314916909e+07 1.645735001560482569e+07 6.986817995790502988e+06 1.675376930267610401e+07 2.007809108965934440e+07 1.186267295282007568e+07 3.346894238379431143e+07 1.440252649690210260e+07
1.599990119343765453e+07 2.326080582160956785e+07 3.720231930517672002e+07 1.781485313088880479e+07 1.551128205467902310e+07 3.731419682779902965e+07 1.976279359779836237e+07 1.721766165712946653e+07 2.300444425325492397e+07 1.306930214421441779e+07
2.398250459995725378e+07 2.456072582266499847e+07 2.169756827568843588e+07 2.185616983140454814e+07 1.928684828478995711e+07 3.377632591910837591e+07 1.048926443852001801e+07 1.672829142892790213e+07 3.169289779368735477e+07 1.345233990668572113e+07
5.012252148420663923e+07 1.350284235458846763e+07 8.638651824019555002e+06 1.083330276879689470e+07 2.999197110240481794e+07 1.368256931689545512e+07 2.963482026140861679e+06 2.251238660065351427e+07 2.726978595638186485e+07 1.190726511299407296e+07
3.651001432727397233e+07 3.026510561758726090e+07 2.086756234007214755e+07 1.107106353066366352e+07 2.238475323555724323e+07 3.385179713698626310e+07 1.740737546384473145e+07 8.911502335378164425e+06 3.750180856617224216e+07 2.799196530589368939e+07
8.209427975187842734e+06 4.822874264372227341e+07 2.297874227798095718e+07 1.580751915695010498e+07 1.974255935711053386e+07 5.195349134233938903e+07 1.877280282260151953e+07 2.510923708608397469e+07 4.956969237864810228e+07 3.922505109670410305e+07
4.152192972406778485e+07 3.183732992717802897e+07 1.789650863037903979e+07 1.950692684795494378e+07 8.654377542873481289e+06 1.724434058363947272e+07 3.379328165911882371e+07 3.530467512926930189e+07 3.230768928091004491e+07 1.278358406910892949e+07
7.302062054029467702e+07 2.414887671368154883e+07 2.900605974330174550e+07 2.190922970718175545e+07 2.249111649888136610e+07 3.672475948582551628e+07 6.131394792943923175e+07 1.114959395264674909e+07 1.907209495504486561e+07 2.034534547625069693e+07
7.457307687858361006e+07 5.246634664555940032e+07 3.660538452716952562e+07 9.598019364003879018e+05 2.604160572922071908e+06 3.365526589163766801e+07 3.865179825471580774e+07 6.221865743953867815e+06 6.310802712098525837e+06 3.041513145155911893e+07
4.327274046006231010e+07 7.919784532302300446e+06 2.285279208748696372e+07 7.792769575398809277e+06 1.046452530355789512e+07 4.434299287837990373e+07 5.010761263008415699e+07 7.287733769131541252e+06 1.410167810886944830e+07 4.653399304668588191e+07
6.680686643654084764e+06 3.810395487540128827e+07 1.953437460448108241e+07 1.515664315924810432e+07 1.782584158560881391e+07 5.142915778411714733e+07 5.557232622672566026e+07 2.825605291603282839e+07 5.760740538845867850e+06 3.184145158874054998e+07
4.938279746434038132e+07 4.574405581078344584e+07 1.756759254115642607e+07 2.391500618484918401e+07 4.363561540965460241e+07 1.414455107000255398e+07 9.310800647165818512e+07 2.822617910497561842e+07 3.665738114062574692e+06 2.490437381216168404e+07
4.852634256670171022e+07 5.488011409275456518e+07 3.088491579516874999e+07 1.252469007252292708e+07 1.665610377441126667e+07 7.522401116662335396e+07 3.038578575025524944e+07 1.317178781007669494e+07 1.163197178792830929e+07 1.031345117090987973e+07
7.409629751121775806e+07 4.916131687947618216e+07 2.312957810659687221e+07 1.011259214686189778e+07 3.818377282934267074e+06 4.159767133399679512e+07 2.426230706758094579e+07 2.396151551871927828e+07 5.480582077492825687e+06 2.327254846558236703e+07
5.836880561654310673e+07 2.319497042147875205e+07 3.471052242599562556e+07 2.764305660006724298e+07 2.871481489336690307e+07 8.098049835770411789e+07 3.854886145599061251e+07 3.670414516319069266e+07 2.085221509371520579e+07 2.533095883009403571e+07
2.058797830207302421e+07 3.812415387843711674e+07 1.801194885718786344e+07 4.698387344750852138e+07 3.324380530865737051e+07 3.720846587338493019e+07 4.000004642153855413e+07 2.694035427825009450e+07 3.977473232685489953e+07 1.931340298258704320e+07
2.451975213700043038e+07 1.964429507619051263e+07 7.225824598774231970e+07 2.144676261790574342e+07 1.153161920731481723e+07 8.211382912504816055e+07 1.753229390875900537e+07 2.272520204083129019e+07 4.614715619424332678e+07 2.797194008787314966e+07
7.624462370396129787e+07 7.855722697981081903e+07 2.608685208273394406e+07 2.922842465806610510e+07 1.460608670051396266e+07 1.190112346204758435e+08 2.564633841289927438e+07 3.062856144581608847e+07 7.479939967929655313e+07 9.344938148265607655e+06
6.798490133438895643e+07 4.008718564639103413e+07 6.170058510897370428e+07 1.171297595928817615e+07 4.048113268630362302e+07 3.369109990506368876e+07 3.919181715899278969e+07 1.468571527672958374e+07 6.901317050382657349e+07 1.369001253078824468e+07
6.500390941179572046e+07 5.946800744421815872e+07 5.794435599013551325e+07 1.052778710964703560e+07 2.015268286702782661e+07 8.191929175632709265e+07 7.434070481632608175e+07 2.222254180818033218e+07 6.107145052941210568e+07 1.761145091529987380e+07
3.456169511309167743e+07 3.335692885203159973e+07 5.515157553801620007e+07 1.655488973559682257e+07 3.716246957204291970e+07 1.578779846286797822e+08 8.057155111002068222e+07 2.247304509934390709e+07 8.694796281103093922e+07 4.041342242041471601e+07
1.235596496539073288e+08 8.401927436803950369e+07 8.518912128694333136e+07 8.337044146304861642e+06 1.559920248009038903e+07 1.631120101214126050e+08 4.814088847965648025e+07 3.500214488609384000e+07 1.051635534713593870e+08 2.506786624886392802e+07
3.160319244331929833e+07 6.264662012597606331e+07 4.183036877903828770e+07 3.181861177752956748e+07 5.505725251170212775e+07 8.855643116809685528e+07 2.643564226413517818e+07 2.028753822324304655e+07 7.966305994658291340e+07 2.670932955277146399e+07
4.527714781480965205e+06 5.580484615982940048e+07 5.012994867420367897e+07 3.898773283222386241e+07 3.109195166195697710e+07 7.425082032162240148e+07 2.242247461904702708e+07 2.839606306994818524e+07 1.070048281964347959e+08 2.125937925109979138e+07
1.198419116413931996e+08 4.255388092095263302e+07 4.522612164755126089e+07 6.877692211016444862e+07 1.456520686518894136e+07 1.272148141851678044e+08 3.219123630784460157e+07 1.884480645363849401e+07 7.201045727367885411e+07 3.639926718416801840e+07
8.501677084853397310e+07 3.671047451417885721e+07 3.456792810895817727e+07 1.847425851080561057e+07 5.069457699401088804e+07 9.074354965503083169e+07 2.583115724352161959e+07 4.348389544766028970e+07 6.892248686865389347e+07 1.165842833485658839e+07
1.369361431854393780e+08 6.935868515191151202e+07 5.634534937505240738e+07 4.010290749905943125e+07 8.423271748416098952e+07 1.905587596735331714e+08 1.554809668430540897e+07 4.686474965630847216e+07 8.192599599287538230e+07 5.401506565536874533e+07
4.961733521543855220e+07 1.259971813481802195e+08 2.951689974578941241e+07 1.245763662130939402e+07 2.656857009539170563e+07 1.533235359194526076e+08 2.616019792649205029e+07 2.655779776960153133e+07 4.033173987277876586e+07 2.451708519951535016e+07
6.693287798604213446e+07 5.294675727320421487e+07 1.036633968692728132e+07 6.937094150528387725e+07 3.593736549466264248e+07 1.047810980352927595e+08 7.106080366544386744e+07 2.045430428060102835e+07 9.592758612696340680e+07 2.750533937723284587e+07
1.282148250131007284e+08 3.151430190917565674e+07 3.825419162916458398e+07 5.439017771708466858e+07 1.748276513885676861e+07 8.915157166912975907e+07 4.056187721379382908e+07 2.538132467855323479e+07 8.961421797890123725e+07 4.401303044332506508e+07
7.705448868535114825e+07 4.926632241588642448e+07 4.532301746916890889e+07 6.101272919701631367e+07 7.359868060429845750e+07 1.620141421906323731e+08 6.452775658249514550e+07 1.986257768641608581e+07 5.313329780710326135e+07 5.761804320399190485e+07
4.180553757245685160e+07 5.755441720266505331e+07 3.560729696050621569e+07 6.557419330477936566e+07 1.445956071110885218e+07 7.695247651545397937e+07 4.397218444090833515e+07 2.298728605254954100e+07 5.655382756246788800e+07 8.847420874960809946e+06
1.666712450675545931e+08 9.322019419923180342e+07 8.886768093707901239e+07 3.526828857491046190e+07 9.870458315379737318e+07 2.420251221574926078e+08 1.587480623075064458e+07 4.811145627420771867e+07 5.958038753401929140e+07 6.449139318881245330e+06
1.622171717789987326e+08 6.881798454596794210e+06 5.813169640345886350e+07 9.400676160962799564e+06 7.769733851861654222e+07 2.950686116651248336e+08 4.680938006926351786e+07 6.148697629363603890e+07 1.002352840122617930e+08 3.109700185958850384e+07
1.635390487763292491e+08 5.981969812539335340e+07 4.960736088237347454e+07 1.256512876868356764e+07 3.649123191061444581e+07 1.373683180646102726e+08 5.779913989147348702e+07 5.781070397017361224e+07 4.711548262331081927e+07 7.564956902848623693e+07
1.568897204328749776e+08 4.089793089570990205e+07 3.319767599038803205e+07 3.709262488461941481e+07 4.518505569467806071e+07 1.321739010461374223e+08 7.098386826399621367e+07 2.551845814440413564e+07 1.189901933816010356e+08 2.271351544330256432e+07
1.117525187776972950e+08 3.200503103007349372e+07 1.971166194373693317e+07 3.176633385365696624e+07 5.425245822348295897e+07 3.904487195893152803e+07 5.804475865395846218e+07 4.426129278663666546e+07 3.557108248072627187e+07 5.867669972529322654e+07
7.427993751803649962e+07 3.425635151033186167e+07 1.452047537431533821e+07 2.424391014595325664e+07 5.074498588357382268e+07 1.206217302975296080e+08 8.132800621378764510e+07 4.162724240048062522e+06 8.831378420955002308e+07 2.511612362470913678e+07
2.499711841498084068e+08 9.121846237669877708e+07 2.501482259422753751e+07 1.988342892272469774e+07 8.051033386080521345e+07 2.947781364056248069e+08 2.189474740098704025e+07 6.587504429803351313e+07 4.037351260781040788e+07 2.218156901059812307e+07
3.321678103754749894e+08 9.594673602178214490e+07 8.785414405688801408e+07 5.381435907952429354e+07 8.273543843160931766e+07 1.656196674981330335e+08 7.206213602864782512e+07 8.156754924554607272e+07 9.761432682981845737e+07 3.924377181457223743e+07
3.548131243900822401e+08 3.752883787283898890e+07 5.164753875982405245e+07 9.490700219564589858e+07 2.783761626744416356e+07 2.127777075148398280e+08 4.568431448819023371e+07 3.233314713960170746e+07 8.277528081964883208e+07 3.175416552328238636e+07
3.382127817505098581e+08 1.035073834026444107e+08 3.277785964277970791e+07 6.350966218900705129e+07 4.199966932766669244e+07 1.822757919691762328e+08 6.814512795047095418e+07 4.022918155798068643e+07 7.269937751428757608e+07 7.128927150964307785e+07
2.753372130079737306e+08 1.359696515547138155e+08 4.894471746353781223e+07 4.056762572369749844e+07 7.068753219509045780e+07 3.422236565458180904e+08 6.621475976986703277e+07 6.935660785117389262e+07 1.142785619924878776e+08 1.026417625334809870e+08
3.167665196335862875e+08 5.106307094650492817e+07 5.521275405900365114e+07 1.953058831341002509e+07 1.411070410673142411e+07 3.231984908500465155e+08 4.844167050525686890e+07 7.310750535395923257e+07 2.855530631206007302e+07 9.418531211138387024e+07
1.220026443173380047e+08 8.620028704853221774e+07 1.074633208258677274e+08 1.964516488634604216e+07 6.556327872215336189e+06 2.234752960749626756e+08 4.831879525895758718e+07 7.266396063773816824e+07 3.231097217700786516e+07 1.343905931404495053e+07
2.954126049066846967e+08 6.913681060970988870e+07 3.999606999757164717e+07 2.104126063610311449e+08 8.376544624939200468e+06 3.373147896655677557e+08 1.047722197614303529e+08 4.569518263788340986e+07 5.619278136588133126e+07 6.600608610092878342e+07
2.200776093267468810e+08 5.048199588392630965e+07 1.319329244286889583e+08 1.346010859276802242e+08 6.193396410150697827e+07 4.379211226637525558e+08 5.640917477448014170e+07 7.343795133904430270e+07 1.226595541777286232e+08 6.648590920715587586e+07
3.186554743547991514e+08 7.940662360639619827e+07 9.460050185363665223e+07 2.830703874906157702e+07 1.009230407635798119e+07 4.701225767325732708e+08 5.117902793255626410e+07 7.006333670577205718e+07 7.507550998847089708e+07 1.177715530121085346e+08
1.863677567983433306e+08 9.178838553298793733e+07 1.248591703065595627e+08 3.858590732651584595e+07 4.313338369211227447e+07 5.406189888932459354e+08 8.124453469947448373e+07 3.860756578634172678e+07 7.679857966785168648e+07 7.682139489755900204e+07
1.995160058502619565e+08 1.043723763249009997e+08 6.833825036190094054e+07 2.303081074258563668e+07 2.455106227171812579e+07 4.579536894682010412e+08 1.036099150350101143e+08 2.406697988968195766e+07 3.266507735996718705e+07 2.153226574598874524e+07
4.203494810405240655e+08 5.627386046538095176e+07 8.280011233793041110e+07 2.451960078078462929e+07 8.122769253302925825e+07 3.368977470694007874e+08 5.245743034371726215e+07 3.205279423078758270e+07 8.311458560751727223e+07 3.516265515990963578e+07
7.449989089061369002e+07 2.885962280698204413e+07 4.205106362322086096e+07 3.307287834469688684e+07 4.505625525290612131e+07 3.332820929338538647e+08 6.879442093593783677e+07 1.105849327771835029e+08 1.013991176824010909e+08 4.680736038296547532e+07
4.491368114836570024e+08 1.105512301553803682e+08 4.509123602037924528e+07 5.339662263149178028e+07 3.053171125565157533e+08 3.688381564438086152e+08 5.126425742053919286e+07 5.530443874547976255e+07 1.857742819725533128e+08 3.340227466988475621e+07
4.906007908574430346e+08 6.857503256300500594e+06 6.392320119439500570e+07 4.721838894045499712e+07 7.061102586976379156e+07 5.184079259682361484e+08 9.192296503749118745e+07 4.471227701924134791e+07 7.181444037258265913e+07 2.559198396703239530e+07
5.228858963859298229e+08 1.043379452218305618e+08 7.511696859528732300e+07 6.015519095416779071e+07 3.702228771422381699e+07 4.804327208491330743e+08 2.274403138280349374e+08 9.292501998496672511e+07 6.182374103588803858e+07 5.874735045317906886e+07
2.084415931532655954e+08 1.328721698889554292e+08 6.181798507246358693e+07 1.174706152556823790e+08 1.189159604685849100e+08 5.591499028428719044e+08 1.794048380153028965e+08 1.769578007555868924e+08 4.896373037287773192e+07 1.643918555650641210e+07
