9.675781485590131953e+06 9.798726667122939602e+06 1.011991926826477796e+07 1.035837364580455422e+07 1.041942068522224762e+07 1.045013943336202763e+07 1.052807414799796604e+07 1.050391789452362061e+07 1.025139918563098833e+07 9.883222267920434475e+06
9.389777871913291514e+06 9.551167497157540172e+06 9.965325532503195107e+06 1.026088066944896430e+07 1.032305847855181433e+07 1.036362469910011441e+07 1.048144223760862276e+07 1.046003873797795922e+07 1.013408337989881821e+07 9.657549338536858559e+06
8.819073140226032585e+06 9.031371479638626799e+06 9.562489268188960850e+06 9.925780752408016473e+06 9.985561483892526478e+06 1.004402063387023471e+07 1.021978994052585214e+07 1.019806862732291967e+07 9.772979827179972082e+06 9.159824218282023445e+06
7.917719323737298138e+06 8.197622757504371926e+06 8.871669051632940769e+06 9.311816818939836696e+06 9.364727655661959201e+06 9.458042736873490736e+06 9.717688151012774557e+06 9.683630087968112901e+06 9.121038479084949940e+06 8.340192140580722131e+06
6.663557081899520010e+06 7.032828040425861254e+06 7.869137871832525358e+06 8.387525413239957765e+06 8.429369641782531515e+06 8.594147129551937804e+06 8.974364440515374765e+06 8.894109742506857961e+06 8.133266103706917726e+06 7.158406907380180433e+06
5.122552206872654147e+06 5.602313104779695161e+06 6.577632439209352247e+06 7.148625731614480726e+06 7.179993297966803424e+06 7.497581475069730543e+06 8.046662976319923997e+06 7.834777341108187102e+06 6.771555213482318446e+06 5.609758990240143612e+06
3.730956868173823226e+06 4.270494280296902172e+06 5.160719792598476633e+06 5.665536660020266660e+06 5.707481440555777401e+06 6.358861276132297702e+06 7.119153705984708853e+06 6.575141571675986052e+06 5.011301510191993788e+06 3.835002166188607458e+06
3.982489542584529147e+06 4.214062807170047425e+06 4.219009529997305013e+06 4.246396780995295383e+06 4.390341385517897084e+06 5.696375473128477111e+06 6.612424965555917472e+06 5.339938317086898722e+06 2.850602553412297275e+06 2.757425514246440027e+06
6.550240867376261391e+06 6.315117271139418706e+06 4.907067873351046816e+06 3.848795927327082027e+06 4.275573725312707014e+06 6.317404389909300022e+06 7.118974667381759733e+06 4.680983708116084337e+06 3.714019969857651740e+05 4.326913432436996140e+06
1.034493390541775525e+07 9.770304724857050925e+06 7.295333666913212277e+06 5.342002250810296275e+06 6.056279850637224503e+06 8.432372153341846541e+06 8.869455538005156443e+06 5.280823667609711178e+06 2.553519193335760850e+06 7.581185296755594201e+06
1.478113079631485790e+07 1.391580470540780202e+07 1.055091663308037259e+07 7.976194521358198486e+06 8.947325810747832060e+06 1.152114010647387616e+07 1.153309749448116124e+07 6.998661735976840369e+06 5.586397866152051836e+06 1.148728233371692710e+07
1.952986864661548287e+07 1.837899523711195588e+07 1.413380652461089939e+07 1.096481180446919240e+07 1.223309711626070924e+07 1.505106770689010248e+07 1.463497467576402985e+07 9.146751546278771013e+06 8.643963643779322505e+06 1.567387065018247999e+07
2.424860543075565249e+07 2.280837944987367839e+07 1.765743916530247405e+07 1.384317560223422572e+07 1.546692926441835053e+07 1.858006397617664188e+07 1.772969879720103368e+07 1.115773199390651658e+07 1.150871925702987984e+07 1.983898411209073663e+07
2.851233270035420731e+07 2.678865899504152685e+07 2.073588612865792960e+07 1.621262033743458614e+07 1.825009649106921256e+07 2.166245531850789115e+07 2.037007286266871914e+07 1.256808810887223668e+07 1.394563634382872842e+07 2.364068525970645249e+07
3.180286675198239461e+07 2.982671179987810925e+07 2.295285553759421408e+07 1.767539769386894628e+07 2.018040354316546768e+07 2.381137299007169157e+07 2.208130867520431802e+07 1.294622077698930167e+07 1.575721913225500099e+07 2.669244107543050498e+07
3.353205234243423492e+07 3.137524672497553006e+07 2.388556745039437711e+07 1.786356050490768626e+07 2.089233614425921813e+07 2.451656099144228548e+07 2.237645046111636609e+07 1.190080258445220999e+07 1.688651472654696554e+07 2.859886985286993533e+07
3.310139348529906571e+07 3.089234262192803994e+07 2.316548591387892514e+07 1.653322752104241401e+07 2.017706934571790695e+07 2.331311115279812366e+07 2.081114354518069699e+07 9.142495703202540055e+06 1.756829053431508318e+07 2.902791625176265091e+07
3.000599909886823967e+07 2.794038965712314472e+07 2.057047831706426293e+07 1.376718223324375413e+07 1.823437281699578837e+07 1.992109151191475615e+07 1.707467590192382038e+07 4.581746131369667128e+06 1.843878991713206097e+07 2.782494941758775711e+07
2.399404250778988004e+07 2.232441119358848408e+07 1.613993681406400725e+07 1.050647919938162528e+07 1.615860147536307573e+07 1.456842356593647599e+07 1.111045372939984500e+07 1.565995515405882150e+06 2.029708320401664451e+07 2.517692660775545612e+07
1.534138168281048536e+07 1.426708085199333727e+07 1.030156405865822546e+07 9.639687059338692576e+06 1.622778776703133434e+07 9.334748395830681548e+06 3.265980890563250985e+06 8.633715022207697853e+06 2.334996283031392470e+07 2.183002043424719572e+07
6.358700916723267175e+06 4.803723117211958393e+06 4.128694258613223210e+06 1.315269749820128083e+07 1.972819150773867220e+07 1.122839518208014220e+07 5.790690518070381135e+06 1.552421699155315198e+07 2.670710432542381436e+07 1.925219914521426335e+07
1.080660368335981667e+07 6.551721177631320432e+06 3.360468026569436770e+06 1.801963439580923691e+07 2.473084972725851089e+07 1.914242990004982427e+07 1.456083623563046567e+07 2.072420374221140519e+07 2.870987426098972559e+07 1.909182156380806491e+07
2.119681322751576826e+07 1.516649427883843705e+07 7.041339641207081266e+06 2.127867032120710984e+07 2.834591067230099067e+07 2.666435640731588751e+07 2.148135038895703107e+07 2.259183824432454631e+07 2.756583940975220129e+07 2.160903309749448299e+07
2.897450170710807666e+07 2.058009368454926088e+07 8.324906888309225440e+06 2.124068894493853673e+07 2.839572472943180054e+07 3.073786583874930814e+07 2.486300341294679418e+07 1.985951773930776119e+07 2.198696442029087618e+07 2.587315689188947156e+07
3.191052108609458059e+07 2.138086923763331398e+07 7.520310742582547478e+06 1.743907580768306181e+07 2.420228539618068561e+07 2.981050179961174726e+07 2.360587281245573983e+07 1.250352625846337713e+07 1.200555113272344321e+07 3.147924606189015508e+07
2.984119084739792347e+07 1.881908460922751203e+07 8.453208071359785274e+06 1.119141855618434586e+07 1.832727872251654044e+07 2.468459556169068441e+07 1.807785401891851053e+07 6.177636134120936505e+06 5.415836600142473355e+06 3.820240000392657518e+07
2.617096218163175508e+07 1.933594314917751029e+07 1.234181218537594937e+07 6.581463570740332827e+06 1.820159204754919559e+07 2.107229197356966883e+07 1.195551745867300034e+07 1.493437770722908154e+07 1.731783864410335198e+07 4.434452753917478025e+07
2.710772387059990317e+07 2.678823961522056535e+07 1.413301661493097804e+07 6.308998289948251098e+06 2.367949818869232014e+07 2.553687442056380957e+07 1.329620573816075176e+07 2.342889920483902469e+07 2.717302040071528032e+07 4.639362863073123246e+07
3.172740945726782456e+07 3.352891793261482567e+07 9.774493961915228516e+06 4.213394166231080890e+06 2.513960272518443689e+07 3.118225191105159745e+07 1.846474873537501320e+07 2.443037027518308163e+07 3.019469149517629668e+07 4.103542025930541754e+07
3.231536669337378070e+07 3.200043509064776078e+07 3.376083604698341340e+06 9.203333913954032585e+06 1.928581061444746330e+07 2.868754561556300893e+07 2.017878957009914517e+07 1.628650695526174083e+07 2.637718678516347334e+07 3.000045835822203010e+07
2.585843754166618362e+07 2.049867333766884729e+07 1.652203026504239067e+07 2.110476128165686131e+07 1.935244925325707719e+07 1.752147247925487161e+07 1.976708500385222957e+07 7.513635434924091212e+06 2.000949216316444799e+07 2.883102800897467881e+07
1.910365022718451917e+07 1.544603027435320243e+07 2.485767199659647048e+07 2.770686404452508315e+07 3.271554123107000813e+07 2.380114038096933439e+07 2.477723355048901960e+07 1.802206934358302504e+07 1.578536012969212793e+07 4.219547323162151873e+07
1.826104381349096075e+07 3.139709792794550583e+07 1.906542292647195980e+07 2.088551298562464863e+07 3.727677083759802580e+07 4.525482044554643333e+07 3.446571227998255938e+07 2.331448206028049812e+07 1.837922502309646457e+07 4.785096296749465913e+07
1.029477123034051433e+07 4.001494171520671248e+07 5.513117946582420729e+06 9.674509010287047131e+05 2.165569133103414997e+07 5.380826948958429694e+07 3.985363294138141721e+07 1.547197338222026266e+07 3.145565918310265616e+07 3.523507861348950118e+07
1.387316329271535389e+07 3.400743309296506643e+07 2.814110842204531655e+07 2.057764177330596745e+07 8.846114070510935038e+06 3.891086360938457400e+07 3.399451861442863941e+07 5.175235658309133723e+06 3.944046674353371561e+07 1.366850749279182963e+07
3.327049374219742790e+07 2.252964974004589766e+07 3.814479317607633770e+07 2.465203539416529983e+07 3.006925926040463522e+07 1.537462730327111483e+07 1.954861900608105958e+07 1.673713767845024914e+07 2.504412679744718969e+07 2.228388799493605271e+07
2.821192162135941163e+07 1.684767612691466510e+07 2.736002328239663690e+07 7.201869396313315257e+06 2.375689635375491530e+07 3.894882573241588473e+07 2.478641296696947142e+07 1.680772554554024711e+07 1.617787333846286684e+07 2.653386165719924495e+07
2.576474269512743503e+07 8.162363848662445322e+06 2.562885377410234883e+07 2.209153653213173151e+07 3.133198568344144896e+07 4.452612463035660982e+07 3.209655980471730977e+07 5.974205631909428164e+06 4.861207754283433408e+07 1.253362550607034378e+07
5.977257885768929124e+07 1.644657850956015056e+06 3.614311628152823448e+07 2.320435372838018835e+07 5.399049928533817083e+07 1.561261700208855793e+07 2.877437364372429252e+07 1.373881313002418913e+07 4.853382615389858931e+07 1.246537611991478316e+07
4.642943984787192196e+07 4.567608554091894999e+06 4.447817858047020435e+07 1.310166658599127829e+07 4.120336010301142186e+07 4.721718876244536042e+07 4.538419664407783747e+07 1.848356319708547369e+07 3.171075456969332322e+07 3.656098781431466341e+07
4.599837304444006085e+07 2.504965854610620812e+07 4.304100589552352577e+07 2.160708325804443285e+07 5.157131874267762154e+07 5.649306459285635501e+07 3.675779521975768358e+07 1.443250971046703309e+07 3.974897361707635224e+07 3.538027697942547500e+07
7.260013766685481369e+07 3.572335206941805035e+07 3.062712104432438314e+07 5.713818834693853743e+06 4.573611539607869834e+07 2.070399469800243527e+07 3.705173395577196777e+07 6.949465640463191085e+06 2.718858193983947113e+07 1.273742574258763529e+07
3.376732485773417167e+06 2.355617262783545628e+07 4.581174763266372681e+07 2.728778228672383726e+07 3.408959837787730247e+07 6.015585333053549379e+07 6.009303527016706765e+07 6.235611423535391688e+06 4.660100908519441634e+07 5.595056426384883374e+07
9.020978313471917808e+07 1.054435476911738515e+07 8.064807935913584195e+06 7.530690528349049389e+06 5.129746906615589559e+07 4.343088235445802659e+07 2.818744869628449902e+07 1.725582353080885485e+07 4.743795212053063512e+07 3.386473797630562633e+07
4.271116126016891748e+07 5.508519049978220835e+06 3.725639488134552538e+07 3.264803150460471213e+07 3.440414099895555526e+07 6.459848322829981148e+07 3.640282848894362897e+07 5.314056975452730060e+07 1.652291765979322605e+07 2.583800489019176364e+07
4.988518471272771060e+07 3.959096831574206706e+06 2.258822818933549523e+07 5.822106986630942672e+06 3.278171183996351808e+07 4.823857774187735468e+07 2.023517398369416967e+07 4.297211120359057933e+07 3.938103587385729700e+07 3.255487870139659196e+07
2.136234391264407709e+07 1.246823377866729721e+07 6.439331244911850244e+07 6.340633387110840529e+06 4.141988783136603236e+07 9.931034502477549016e+06 3.480213173401849717e+07 1.734945387319384515e+07 1.307981170889117941e+07 2.268149829081465304e+07
6.792001343020974100e+07 1.278921915805724263e+07 3.732915759425330907e+07 5.239060132044111937e+07 2.471361791237125173e+07 4.783717348594774306e+07 2.663902116526969522e+07 1.226168503252753988e+07 4.334844222950294614e+07 8.080599641445061192e+06
6.885571803582505882e+07 1.962609837777533382e+07 3.868170732342781126e+07 3.103424054324601591e+07 1.857919950213839859e+07 1.575625047726695426e+07 4.751249875407960266e+07 4.175754227600155026e+07 2.510455470206953585e+07 5.090133390505740047e+07
7.754525009820741415e+07 4.443084745922257006e+07 6.541111549789777398e+07 6.801015393315123394e+06 4.404181850748522580e+07 6.140443391260224581e+07 3.690961782196636498e+07 6.267692564122499526e+07 8.454127352428926528e+07 1.682380711950406060e+07
9.657953420643998682e+07 1.029936874096687324e+07 5.860445868227582425e+07 5.084885513079572469e+06 1.701448425812502578e+07 8.037807264350607991e+07 4.206271181011208892e+07 4.903131047134435922e+07 7.054344919106212258e+07 1.012947799731539339e+08
7.082529995739008486e+07 4.359999049091799557e+07 6.429717886386603862e+07 1.667150271290561743e+07 3.136902140324633569e+07 5.355821762869428843e+07 4.384483995739704370e+07 3.065139483055786043e+07 4.317860821173887700e+07 5.715590325125168264e+07
8.658302896388974786e+07 2.874921737902060896e+07 3.443067292755517364e+07 2.516817614659916237e+07 6.308592335667174309e+07 4.952172654552645236e+07 4.316501791347356141e+07 1.904477997705265880e+07 1.050700398715140969e+08 5.483921102248869836e+07
8.046647439828467369e+07 3.565641897142030299e+07 7.886388070373994112e+07 3.306924126245752722e+07 3.318805925836442038e+07 3.428020789938273281e+07 7.137418429539282620e+07 5.545665493168395758e+07 6.467360602978948504e+07 1.758807125200219452e+07
4.766887071861073375e+07 5.923901779989170283e+07 1.722828730354041979e+07 2.286772294385666400e+07 3.336865357049290836e+07 6.396783866168059409e+07 2.696179889528067037e+07 4.004530266859271377e+07 3.302993941051162779e+07 6.484056819820369035e+07
1.066599504532122612e+08 3.336473480005562305e+07 4.000091054452153295e+07 2.298693159658026695e+07 2.888448417259753123e+07 3.666766100380586833e+07 6.151502361204593629e+07 6.003219101660365611e+07 4.478024160838863254e+07 3.305823725426786579e+06
9.084757664050358534e+07 2.741343644714865834e+07 2.398262015887907147e+07 1.594384535028264672e+07 3.842111275363948196e+07 4.715584999004278332e+07 6.540720985396898538e+07 3.172702418940114230e+07 5.131822002322758734e+07 2.690654461545101181e+07
1.747178794712815583e+08 2.322402754242973775e+07 4.974891807963739336e+07 4.886453482870251685e+07 4.851880477498403192e+07 6.734568691034357250e+07 5.293526509395273775e+07 4.579101158331498504e+07 3.603157322303455323e+07 3.795272885344053060e+07
1.216118996343454272e+08 2.781218880296548828e+07 1.218148526414528675e+07 7.666913210373351350e+06 8.091921586696386337e+07 7.735981770353364944e+07 5.167069256656431407e+07 4.376932368991699070e+07 1.061909403773968965e+08 6.667962640510642529e+07
1.333133616856036782e+08 2.287932882827869058e+07 2.019161309550335631e+07 1.971760235608028248e+07 2.962118172616744414e+07 9.710807448121812195e+06 6.495210159237755090e+07 4.030260128684398532e+07 2.942059747547403350e+07 6.686970152471036464e+07
1.156427662456642538e+08 6.312729452527939528e+07 1.287380743281962536e+07 7.018659361685527861e+07 2.384609964656164125e+07 1.186301047695433348e+08 3.704991958208712935e+07 3.995426490079712868e+07 9.698585364380492270e+07 8.388461561448322237e+07
1.748747441081026196e+08 3.766303307655756921e+07 2.752960404937295988e+07 3.712929798112382740e+07 5.198670789059998095e+07 2.581201380198751763e+07 2.265183076161598042e+07 6.833665551950021088e+07 9.315577120766703784e+07 6.132262601487930119e+07
1.652152843294871747e+08 7.446157140403991938e+07 4.398160652765960991e+07 2.869129478451108187e+07 4.154705783829513937e+07 7.180702004947556555e+07 3.019597745688765496e+07 6.206887861128261685e+07 1.668922159826574475e+07 2.675798553606764600e+07
1.827961122414781451e+08 5.467011351298157126e+07 3.952269328188677132e+07 6.264184046532896906e+07 7.372493534967781603e+07 9.222131121695216000e+07 5.138018968246969581e+07 1.451449098148739152e+07 3.636066779808814079e+07 5.500987608431695402e+07
1.025676256329639852e+08 3.402881687384673208e+07 7.567453957753404044e+06 6.098661834805441089e+06 9.554193443807732314e+06 1.141927971317182630e+08 1.554594699384150840e+07 2.093761966646757722e+07 7.696630391139803827e+07 3.907304089374528825e+07
1.294680436446750164e+08 7.629264440141642094e+07 2.191802295660233125e+07 8.771809408948099241e+06 5.927597091960208863e+07 1.142677528587976545e+08 2.890401813771259040e+07 1.774507354946149141e+07 4.131703293850578368e+07 1.891484695337009057e+07
2.482638266400406957e+08 2.465742793837428465e+07 3.479429947618241608e+07 3.850146254022943974e+07 2.612049521741159260e+07 1.529977701552263200e+08 4.986470477363712341e+07 4.714464538549678028e+07 5.168019825418347120e+07 3.559409185835450888e+07
2.428635006349465847e+08 1.289883583987135440e+07 5.123183139827904105e+07 8.520557711130648851e+07 6.445434903802368790e+07 1.553198615093115270e+08 5.747854534866636992e+07 8.616533619487047195e+06 3.850634081362157315e+07 1.149834079188255072e+08
2.791185828545290828e+08 2.333891238511576504e+07 2.703708762428937480e+07 8.020924258004108071e+07 7.846626206845524907e+07 1.838175971588490605e+08 1.929124003175049424e+08 3.724082332006298751e+07 1.063744547438638508e+08 3.420474894844648987e+07
2.704588869181130528e+08 6.145767645988555253e+07 1.214846446964349039e+07 7.231471258178445697e+07 6.191912204217956215e+07 1.481147166676971316e+08 7.364353130983972549e+07 3.067406277956887335e+07 8.877017923506213725e+07 5.442601806201650947e+07
2.338364337597545981e+08 3.224222174632331729e+07 3.191665351385586709e+07 9.651345444825641811e+07 5.362650020379079133e+07 1.802662955460656881e+08 1.397426451978588104e+08 4.080923558802271634e+07 9.710109706938804686e+07 8.419874343301771581e+07
