9.567648181052839383e+06 9.168478233398325741e+06 9.070169127280674875e+06 9.327988327235154808e+06 9.661046664258271456e+06 9.809329986206008121e+06 9.817547388645904139e+06 9.879371836382824928e+06 9.988348336687069386e+06 9.919737580783370882e+06
9.947677842352271080e+06 9.438307588854746893e+06 9.324926353544332087e+06 9.672458690439084545e+06 1.009700787160096504e+07 1.025606641208276153e+07 1.023026710597870126e+07 1.029917317424529046e+07 1.045625932849268056e+07 1.039043938222019002e+07
1.022144530485299416e+07 9.572240846801161766e+06 9.444830945774499327e+06 9.912820429416792467e+06 1.045273732382766716e+07 1.061510575879208744e+07 1.053510401758201234e+07 1.061132407759588212e+07 1.083497594901610911e+07 1.077824869545201212e+07
1.035473871367889270e+07 9.528866081350287423e+06 9.391370241140134633e+06 1.002060878903688490e+07 1.070480663622153737e+07 1.085736509379496425e+07 1.069507671831745282e+07 1.077968958346420527e+07 1.109423157196705602e+07 1.105506046969501674e+07
1.030953264480309933e+07 9.261813109699206427e+06 9.123555970941178501e+06 9.967771342288900167e+06 1.083016537698482536e+07 1.095130047944869101e+07 1.066879670634078607e+07 1.076541993632032722e+07 1.120201550226741284e+07 1.119064827552718669e+07
1.004517319530220330e+07 8.721309123795419931e+06 8.601729981098122895e+06 9.730798674145204946e+06 1.080894752089183219e+07 1.086439669879754819e+07 1.041231887058823369e+07 1.053096160168996453e+07 1.112766624737373367e+07 1.115441026236599497e+07
9.520382862796757370e+06 7.857378425438350067e+06 7.795823047886973247e+06 9.298098739088468254e+06 1.062878329913206957e+07 1.056550390012763068e+07 9.883077688535975292e+06 1.004877424797607213e+07 1.084769822733663954e+07 1.091820011361745559e+07
8.696324402542952448e+06 6.626529021849865094e+06 6.705033555679466575e+06 8.683242853222206235e+06 1.029115287359791249e+07 1.002821226207484677e+07 9.048089339535636827e+06 9.320338273113688454e+06 1.035657802216093987e+07 1.046066067133805901e+07
7.541041381635765545e+06 5.009411442807723768e+06 5.413532580686507747e+06 7.948854871711075306e+06 9.820312015185594559e+06 9.235423281711913645e+06 7.902438854215256870e+06 8.418751769959315658e+06 9.686665975814443082e+06 9.773671724694075063e+06
6.035995640186087228e+06 3.092062989728446584e+06 4.269600729754373431e+06 7.246252606012785807e+06 9.274665882098121569e+06 8.185208245477164164e+06 6.517832157650714740e+06 7.580155516544502228e+06 8.944045995766628534e+06 8.871906013051994145e+06
4.188231872901802417e+06 1.848983575964612421e+06 4.202804351499306969e+06 6.854531660312343389e+06 8.757460215754900128e+06 6.897977672354094684e+06 5.188677376991663128e+06 7.328022894182533957e+06 8.361281222517668270e+06 7.807182635346266441e+06
2.085552405918835662e+06 3.764691579789808951e+06 5.860402777159423567e+06 7.118711330639718100e+06 8.415176570115456358e+06 5.425146295685067773e+06 4.745280825391056947e+06 8.325848550968267024e+06 8.316337564889595844e+06 6.689679464367907494e+06
1.169319300808334490e+06 7.034763660938218236e+06 8.613228062563734129e+06 8.197551381030309014e+06 8.401371280483132228e+06 3.861062838901821990e+06 6.087764158338205889e+06 1.076215089363288321e+07 9.170093181826068088e+06 5.711476879230490886e+06
3.529205015340004116e+06 1.072173848403938115e+07 1.181827210436507314e+07 9.924124579895230010e+06 8.801469246443558484e+06 2.370415898026531562e+06 8.815442134492315352e+06 1.429229050675514340e+07 1.097363278330826201e+07 5.126842038114331663e+06
6.289553855024605058e+06 1.452461701058751345e+07 1.505101324723683484e+07 1.198035754810859449e+07 9.578837118604032323e+06 1.307424280916325049e+06 1.217786893313409016e+07 1.847344800138632581e+07 1.345960541697185673e+07 5.081204723744419403e+06
9.030363409399995580e+06 1.814724508963809535e+07 1.791215783980455250e+07 1.406055321414604969e+07 1.060678379449294508e+07 1.246377461649774807e+06 1.568228513181949593e+07 2.287626793741312250e+07 1.625282349927058630e+07 5.396897944442052394e+06
1.156444324485748075e+07 2.123830174720358476e+07 1.996246032703187317e+07 1.591988112728110328e+07 1.174842096754526161e+07 1.529363687918275129e+06 1.891919400082496181e+07 2.703030030341259763e+07 1.897631756745135039e+07 5.682252758420365863e+06
1.373374442534491792e+07 2.340046674558178708e+07 2.073190204953535274e+07 1.739907533923766762e+07 1.290979356304558739e+07 1.335878795799442567e+06 2.146935997095919400e+07 3.038286197602406889e+07 2.126856495017199963e+07 5.583907864842964336e+06
1.542361045054289699e+07 2.423195798884021863e+07 1.978446538709587231e+07 1.845814102673738822e+07 1.403728131557018310e+07 7.658480084412738215e+05 2.289904962003680319e+07 3.229684125537090749e+07 2.279882532789755240e+07 4.916766657163477503e+06
1.658361824175288342e+07 2.340314827675542608e+07 1.686959057821530849e+07 1.919352986322899908e+07 1.505917645335307345e+07 2.068725025122159859e+06 2.280256865032772347e+07 3.209077798031502590e+07 2.330612743683432788e+07 3.837682847516822163e+06
1.722398636010698229e+07 2.078184795082690939e+07 1.234807480137017183e+07 1.977904124022918940e+07 1.579644291685039550e+07 4.765039408573105000e+06 2.087975491169359162e+07 2.912952819575427845e+07 2.265850495538483560e+07 3.436005406218501274e+06
1.736556279896000028e+07 1.665517423978124559e+07 9.032952677712298930e+06 2.028650945492825285e+07 1.590637866877794452e+07 8.136864074472036213e+06 1.704047738958856091e+07 2.298133824792476743e+07 2.091552714584328234e+07 5.137122717665323988e+06
1.695116905320694670e+07 1.225446505892940797e+07 1.301986700020114891e+07 2.047208552017113939e+07 1.493470604976105317e+07 1.184617766069559380e+07 1.152513845921395347e+07 1.371770869518736936e+07 1.836259861880548298e+07 8.037642786953562871e+06
1.578246581655958295e+07 1.069523133322549984e+07 2.133514145658253878e+07 1.975433082573442161e+07 1.252655354244141839e+07 1.559533085577782802e+07 5.091045606316399761e+06 4.642947344081013463e+06 1.547955751586697437e+07 1.102641061822965182e+07
1.357164445458301902e+07 1.372361744285521284e+07 2.906156098355204985e+07 1.753898655953507498e+07 8.900462913987718523e+06 1.918048093928286061e+07 2.887972129672017880e+06 1.426686925643734075e+07 1.287588017486920953e+07 1.348027033664793335e+07
1.013898601674336940e+07 1.779932713015300408e+07 3.329234713352729380e+07 1.395292143451029994e+07 6.302192676923497580e+06 2.244568821811668202e+07 7.938842620264725760e+06 2.718859244291018322e+07 1.148084795855048113e+07 1.506135603503873385e+07
5.753410497204811312e+06 1.990581724368846789e+07 3.201121410409430042e+07 1.130744224247829802e+07 8.743158489251384512e+06 2.504981195081836358e+07 1.125381557891986147e+07 3.670243847756384313e+07 1.297693102669649944e+07 1.568716905714685097e+07
2.843263231870281510e+06 1.883900471751210466e+07 2.493443979982293397e+07 1.353022946337790973e+07 1.287423233593479916e+07 2.624455494646215811e+07 1.239728046612626314e+07 3.934971246724892408e+07 1.838472818556542322e+07 1.547236262927815318e+07
6.078714658934658393e+06 1.503634585130055621e+07 1.656321878928735666e+07 1.836098375829625875e+07 1.496282702419896796e+07 2.510058136226620525e+07 1.349574056253873743e+07 3.254214627201682329e+07 2.656068513792989403e+07 1.471205073992864788e+07
9.407945724480198696e+06 1.116414267576368898e+07 1.938990278850119188e+07 2.110415417692326009e+07 1.376182990804405883e+07 2.146021406857204437e+07 1.733121180882296339e+07 1.585173875362312235e+07 3.533106240620490909e+07 1.404882798743711412e+07
1.056701789562410489e+07 1.109093076818864048e+07 2.758010711420016736e+07 1.973473748119074479e+07 9.778535444658540189e+06 1.737715200480085611e+07 2.227166037172845379e+07 7.829823412264395505e+06 4.221861370673297346e+07 1.430052938395154290e+07
9.119998634594529867e+06 1.285637169958041608e+07 2.707086979120576754e+07 1.569651697049553879e+07 5.407520884654734284e+06 1.643591961669654027e+07 2.387500516182667762e+07 3.049392726135893911e+07 4.500366167737188190e+07 1.533312424779555760e+07
6.471062648910040036e+06 1.218424748701360263e+07 1.365919048905538581e+07 1.399571467861232348e+07 8.114586300690122880e+06 1.726387619747260958e+07 1.860556160717607290e+07 4.176463257926023006e+07 4.237752168926301599e+07 1.638702582781570591e+07
7.308388970383791253e+06 8.344284829772270285e+06 1.523309690348924883e+07 1.591723118383362703e+07 1.702361216834516823e+07 1.585682861012380756e+07 5.624751558413371444e+06 3.215010522787258029e+07 3.429957892305056751e+07 1.884939583332278207e+07
9.760819387697570026e+06 3.584807493461156730e+06 3.510828939399681240e+07 1.667536483286830969e+07 2.620846714264704660e+07 1.476711073563584127e+07 1.339124751534189470e+07 2.093525095802817866e+07 2.220250349410196021e+07 2.508332672520354763e+07
7.737208138612671755e+06 3.402414946409665979e+06 3.463273822099923342e+07 1.517659538140240312e+07 3.104529793394880742e+07 1.768893539679454640e+07 3.267530551910834014e+07 6.774896809894186258e+07 9.621059301237469539e+06 3.280137961089817062e+07
3.057496751776349847e+05 9.591187466846182942e+06 9.728228366825025529e+06 1.538390469532950409e+07 2.972761594657410309e+07 1.801658256273863837e+07 4.619904073786812276e+07 1.124267645506061763e+08 1.911104416112448787e+06 3.665907818640446663e+07
7.615896255426902324e+06 2.168251635231389850e+07 4.855738079570367187e+07 2.051893373415614665e+07 2.520481683668213338e+07 1.089717455505985394e+07 4.742872236225885898e+07 1.170925524012179673e+08 4.577373508847413585e+06 3.178250998887284473e+07
9.515586148298792541e+06 3.387700509141480923e+07 7.641728661454208195e+07 2.285477787747435272e+07 2.050676898670471460e+07 3.538561775617061649e+06 3.352136464935145900e+07 6.389973916675309837e+07 1.875069490592822060e+07 1.753213056887771562e+07
6.046829174782884307e+06 3.394769589329162240e+07 4.723253034379252791e+07 1.551766120046837255e+07 1.344709725034317933e+07 2.016728053257497773e+07 1.492163740541622229e+07 2.850797036960690096e+07 3.315563918729819357e+07 1.049046868073554151e+07
6.582695656976831146e+06 1.618088106323697232e+07 3.001747204028354213e+07 6.579205497459038161e+06 3.898344916261706036e+06 2.867405723302933201e+07 1.656581690097816288e+07 9.668953165055070817e+07 4.052555408881025761e+07 1.344579819739858434e+07
9.148737708935722709e+06 1.878996073180625588e+07 8.458840436354382336e+07 7.320109207972316071e+06 1.807602553839837387e+07 1.837746491602825373e+07 1.554221958108688146e+07 8.390916666673392057e+07 5.158700930094736814e+07 3.312346397411714308e+06
3.259791028025983367e+06 2.645809902610258758e+07 5.058281044101629406e+07 2.965694484864475578e+07 2.149755463097119331e+07 7.458560987610178068e+06 2.769141991400080919e+07 1.352611966884757392e+07 6.792861171812024713e+07 1.085218973380411044e+07
1.070664919291707873e+07 1.451492284008620493e+07 5.433930677386786044e+07 3.835279614198589325e+07 1.064571804479743913e+07 2.258970156968787313e+07 2.932960164284615591e+07 7.590648485100187361e+07 7.233393084442970157e+07 8.457744051176996902e+06
1.422854800345724635e+07 2.401132444282568619e+07 6.848147165046565235e+07 2.212318443370378017e+07 2.054850268904382735e+07 2.885594212136455998e+07 6.727534488828100264e+06 3.516722806074650586e+07 6.704547270999222994e+07 1.843755479118354991e+07
2.195913277583849058e+07 1.547805431152289920e+07 3.795093555629047751e+07 1.607409150770471804e+07 4.718457331154443324e+07 2.387877973510085046e+07 2.657793554432554170e+06 6.874624885549329221e+07 6.944264363410323858e+07 3.896364727680385858e+07
2.036559839028119296e+07 9.510333790666632354e+06 8.944987870294468105e+07 2.889756436976253986e+07 2.954849618629554659e+07 1.692070391313838214e+07 2.627917191699809954e+07 7.326713831622624397e+07 4.516463884209651500e+07 4.696386553654492646e+07
1.803034535749236122e+07 1.619491210514123179e+07 3.651071956376227085e+06 2.032355719639648870e+07 5.401699036152753048e+06 9.176312031865283847e+06 2.960323863760558888e+07 5.765190807298604399e+07 3.839933147208993137e+07 3.793855468938343972e+07
5.486075152936970443e+07 2.420588909281684086e+07 4.716517824947374314e+07 1.952804647388611734e+07 7.400398450999911875e+06 2.173253700714384764e+07 1.551236032700411230e+07 1.022769935396035463e+08 1.075711464812042862e+08 2.667963605650856346e+07
1.081994417481304705e+08 1.225833808789502643e+07 4.586473574813527614e+07 3.894394065306635946e+07 4.620571583710412495e+06 1.898689165809489042e+07 2.594962563945497200e+07 5.136513461350571364e+07 1.258891310485631227e+08 5.374752258391138166e+07
7.997643003896148503e+07 3.790034898848179728e+07 2.907947500584076345e+07 1.886424142492730543e+07 2.568867874256694689e+07 1.829607764109815285e+07 1.958138128420985490e+07 1.023619180103413165e+08 1.141061798348527253e+08 4.508880512668988109e+07
3.511514332686068863e+07 3.359768347987586260e+07 8.562061882603350282e+07 4.049972806699927896e+07 2.710514507693985477e+07 3.878207517876461148e+07 2.573545340521726012e+07 3.382253869478694350e+07 8.062374464772497118e+07 1.880133357316735014e+07
3.193746242004907876e+07 2.637061200782055408e+07 6.524444337526449561e+07 4.906612461834464222e+07 2.026863748114411905e+07 2.303203296825645119e+07 2.824817335570745543e+07 3.740628315433743596e+07 8.481967275197441876e+07 1.944414420934338495e+07
7.178632976839566231e+07 4.390621110989692062e+07 4.095227855244981498e+07 5.041975536444591731e+07 1.701896522958824784e+07 3.065754844471671805e+07 5.786868140183618665e+07 4.261594684364210814e+07 7.161875344081607461e+07 1.009234900866327807e+07
2.565609472621612623e+07 2.755608549255050719e+07 4.201301849250856042e+07 9.187884208959903568e+06 8.032908262685285881e+06 1.963903749664910138e+07 2.519122499699407071e+07 2.485393976098267362e+07 1.067936551704303324e+08 6.277796510645541549e+07
2.788551885914053395e+07 1.390356475884439796e+07 1.114390611645006388e+08 4.061511362449787557e+07 4.226623419333340228e+07 1.736413232814000919e+07 1.693702147399554402e+07 6.433688300297147036e+07 9.377470893821544945e+07 7.892481685622286797e+07
7.802664488736183941e+07 3.880864122198829800e+07 6.197789460723731667e+07 5.039989426714241505e+07 1.137297065494975261e+07 1.189034797473630309e+07 2.026976171100126207e+07 3.473121005624896288e+07 1.045915911329560280e+08 6.934262978731761873e+07
3.753125675416479260e+07 3.307235767356580496e+07 8.197109460376150906e+07 2.661822965615322813e+07 1.752833683245918527e+07 3.003472594512206316e+07 3.677601616090180725e+07 3.746481233852664381e+07 1.467742634186392426e+08 2.644221534171536192e+07
1.952838191688286513e+07 4.512238080962595344e+07 2.519191512056110054e+07 4.731598573683854938e+07 2.729793486203766987e+07 3.700254834688412398e+07 3.370493222108766437e+07 2.558449858056426793e+07 1.729119107708227336e+08 4.059731066848730296e+07
3.797525063210763037e+07 3.876485792839619517e+07 2.065252552793429047e+07 7.332812558220039308e+07 3.528898283500937372e+07 2.591350834904835746e+07 3.746162489652199298e+07 4.131334165440324694e+07 2.218965376582749188e+08 2.993891451831124723e+07
2.748461576817470416e+07 7.090599267309604585e+07 4.490815514631213248e+07 3.037028485670871660e+07 3.372893085609563440e+07 3.045636868740104511e+07 2.032368058565534651e+07 5.622552635347915441e+07 1.036948295773830414e+08 2.618517757317860425e+07
3.139098202214065939e+07 2.109514627490015328e+07 2.804941288039218262e+07 3.235537766402199492e+07 2.212613061635855585e+07 4.879919614128254354e+07 2.619664794438692182e+07 1.041297191640637964e+08 1.259693684538133442e+08 4.976870026189426333e+07
1.837985713092565909e+07 5.311868641040573269e+07 4.454927927964587510e+07 6.835163964371734858e+07 3.603009673271691054e+07 1.206406763684727065e+07 2.113533902630983293e+07 9.716260071876558661e+07 1.043920032820653617e+08 1.200398294267368317e+07
3.323235687485116534e+06 2.256513350078962743e+07 5.858919386596988142e+07 9.143538500568245351e+07 3.212286741461733729e+07 6.297282053630527109e+07 6.088617894136022776e+07 1.050282752492114604e+08 1.293041225596692860e+08 3.944836787410595268e+07
1.357216603270884976e+07 5.883171692930364609e+07 2.465537731150129437e+07 3.278671856831938773e+07 2.162000916048061475e+07 7.345252774212077260e+06 5.964121500446432084e+07 1.061670104414022416e+08 9.602809541041342914e+07 5.976169196652573347e+07
1.266228234807939529e+08 4.888469586346251518e+07 1.237298034166881293e+08 2.932433778306893539e+06 2.269838372886199877e+07 2.001008279993450269e+07 6.791584085581389070e+07 7.204687319415372610e+07 9.416650475026643276e+07 5.289303036298955977e+07
8.586131957251576707e+06 4.430552243500597030e+07 9.679463345021995902e+07 1.026526779880251735e+08 1.146223068896492571e+08 2.584660911505115405e+07 4.928402883314760774e+07 8.741076282796539366e+07 1.406360993290541172e+08 5.481787937002445012e+07
1.543993242289871536e+07 3.046435559242311120e+07 8.621538188391533494e+07 1.170626365764798820e+08 1.449143794789404869e+08 8.839169614680914581e+07 4.368117353804586083e+07 1.053556327738928050e+08 1.487540338509486914e+08 6.449211453756103665e+07
4.042859968070238084e+07 2.668731920788428560e+07 4.622244934747358412e+07 2.692314153717334569e+07 4.761322295279186219e+07 5.599191333541035652e+07 9.719358164971241355e+07 1.477987222821953595e+08 1.848799569172689617e+08 1.984126463018134236e+07
3.726625857925733924e+07 1.040897744172154069e+08 7.304470755023635924e+07 1.000178668379586563e+07 2.095106027973070741e+07 1.154795652919008732e+08 3.780253499836609513e+07 8.305141283228075504e+07 1.395856043110886216e+08 3.787454930786930025e+07
3.615201400547817349e+07 4.336138140402260423e+07 6.984079556235362589e+07 9.123288522680151463e+07 4.733922993300935626e+07 2.564842575441150367e+07 4.255658020256412029e+07 5.428736266629888862e+07 2.618030536827112436e+08 6.376295213911515474e+07
7.804090999621342123e+07 1.685217188159275800e+07 2.786827437557375059e+07 1.141611390386882126e+08 5.425143418523617089e+07 7.720491117595487833e+07 4.619493399924714118e+07 3.900145636060103029e+07 3.434103875922925472e+08 1.512594457377366722e+07
3.804895631317812204e+07 2.664237619584768638e+07 6.996959111432954669e+07 3.643818659872508794e+07 3.308097052244728059e+07 2.738548752403246611e+07 4.662944234719261527e+07 1.109868980086623430e+08 2.401781703908394277e+08 5.291992470014522225e+07
5.425929648302711546e+07 2.598409432627933100e+07 4.078099463638049364e+07 6.324204785496264696e+07 7.623929440761888027e+07 3.822868368906077743e+07 2.375755010818123817e+07 8.237967182826070487e+07 3.230926356558739543e+08 1.380746496168890037e+07
5.331166857771166414e+07 5.181822871981924772e+07 3.925600937399517745e+07 6.832550449009577930e+07 6.693349050487273186e+07 9.317229525808635354e+07 2.468686342193326727e+07 8.242006335444396734e+07 1.728479599629853070e+08 1.708672360617046803e+07
6.045593239146576822e+07 5.392382261940740049e+07 3.269436271365841106e+07 8.063137447977502644e+07 2.278904755054318532e+07 4.257402989962523431e+07 1.096506887828498706e+07 6.715235898261249065e+07 1.631785548725126684e+08 1.525765574994030222e+07
4.209904068261107057e+07 1.069938276195248067e+08 1.618488266151822507e+08 5.273949160394793004e+07 3.597654121094609797e+07 5.468893757921013981e+07 1.710682145307451114e+07 1.331428816444462836e+08 2.235470248830886185e+08 2.544736105625222623e+07
5.918457793495997041e+07 3.605784037900051475e+07 8.779922559183751047e+07 5.429758713290961832e+07 9.037063453343009949e+07 4.227872073123572767e+07 4.242786892627088726e+07 9.030355238733239472e+07 2.651456906527965069e+08 2.987212478235641122e+07
6.027410637901057303e+07 3.510437428836103529e+07 4.688291339434403181e+07 7.785324022503738105e+07 4.482034523375277966e+07 4.983161379250746220e+07 8.986070193113848567e+06 5.978756974647903442e+07 2.094370791838366389e+08 1.903408803875551373e+07
1.571269609958778508e+07 2.394701459592389688e+07 6.300277240411381423e+07 4.213146704288968444e+07 2.085374348312821612e+07 1.647758980636769906e+07 5.059007297120348364e+07 6.912374810297757387e+07 2.202273786192788184e+08 1.261386574133733660e+07
3.725922048473755270e+07 4.293234760886436701e+07 5.487845531342448294e+07 5.043996581367184222e+07 1.412142685806699693e+08 1.580823945256238058e+07 2.284377589046842232e+07 1.617979169233772531e+07 2.364290829721179605e+08 2.700140658133742213e+07
2.698113043214768916e+07 1.587935878500775099e+08 1.686163223540371358e+08 3.701873705634341389e+07 3.210691141962144524e+07 5.003520684464510530e+07 1.463858264493867457e+08 6.815144478987424076e+07 2.476249304027340412e+08 2.616675288063891977e+07
2.162298956743123010e+07 4.516554693594622612e+07 1.313293897573604584e+08 7.040655212809659541e+07 5.483348203571029752e+07 2.782904892051273212e+07 4.592148776255035400e+07 5.111537419372882694e+07 2.481801949492201507e+08 1.978733624438800663e+07
8.531388423934009671e+07 1.422617929068249092e+07 1.299634973565343916e+08 3.526200656678844988e+07 2.827805046384768933e+07 5.794623031116959453e+07 3.681033703783024848e+07 4.157530452877824195e+06 1.955917024649938941e+08 8.264154733344514668e+07
4.437257167172031105e+07 2.190331880397530273e+07 1.228811143973605186e+08 1.813379984802831337e+07 2.876443376904303953e+07 2.989202377637124062e+07 1.241782091564550437e+07 3.364461617265003175e+07 1.546787921259535253e+08 4.500895524577205628e+07
4.123862211996518821e+07 7.383741484618923068e+07 1.367587848619975746e+08 2.719343093148326501e+07 5.552258158879934251e+07 9.601213464286448434e+06 7.269595910673387349e+07 1.909306446797587350e+07 1.889370017081927657e+08 2.416103217614354789e+08
4.455518218319325894e+07 1.201275823347902671e+07 9.083818270382292569e+07 1.019824834915358573e+08 2.120198708938809484e+07 6.308068507520957291e+07 2.574635965146840736e+07 1.032620382295771539e+08 1.939145127665875852e+08 4.937064837851059437e+07
7.448440948684105277e+07 3.238663368165290356e+07 4.425672405774819106e+07 6.575911546788122505e+07 9.936732667532211170e+06 1.123761707801271826e+08 1.294082698775877990e+07 4.189031939766107500e+07 1.185241154643040299e+08 4.189489664944086224e+07
4.329191148949205875e+07 4.390382739076237381e+07 7.582412577327550948e+07 3.497997261146041006e+07 8.314023053473637998e+07 3.823349344889143109e+07 3.901649762542592734e+07 9.816645876805524528e+07 5.657172560942682624e+07 1.431937197868697047e+08
8.619416702202588320e+07 6.998201297771811485e+07 1.035469032998915017e+08 6.589182341779914498e+07 2.220350311692084670e+08 2.391193020610934496e+07 3.691293953489404917e+07 9.415248568514285982e+07 3.566183181058255583e+07 1.113295847269368917e+08
