9.920060801002850756e+06 1.050950158924688026e+07 1.121698034356696531e+07 1.168102453316005506e+07 1.154971025881391764e+07 1.086617459946976602e+07 1.005594713669944927e+07 9.533140836174922064e+06 9.403183284653160721e+06 9.556148057503413409e+06
9.846694374890312552e+06 1.051817706497843936e+07 1.136430764882108942e+07 1.193653199821726419e+07 1.177764481159965694e+07 1.094016171290229820e+07 9.968112097608184442e+06 9.375342484849616885e+06 9.258628138268528506e+06 9.445405296303406358e+06
9.546863474776759744e+06 1.029795696453807876e+07 1.130318002118213288e+07 1.200651825754094496e+07 1.181522931760592945e+07 1.079353183346398547e+07 9.635050287525426596e+06 8.976560332343643531e+06 8.891612619441442192e+06 9.117876033921925351e+06
8.975759272823497653e+06 9.796535436140725389e+06 1.098193198893998936e+07 1.184296205411943980e+07 1.161396635974419676e+07 1.037411397845325992e+07 9.003673539169600233e+06 8.291937860810777172e+06 8.266567763706043363e+06 8.537498878652567044e+06
8.090387871076664887e+06 8.960111437043115497e+06 1.034673108168005012e+07 1.139533050087257661e+07 1.112296549559456855e+07 9.628567098921462893e+06 8.020424630977878347e+06 7.280891558223000728e+06 7.356341685678317212e+06 7.674689429472237825e+06
6.854546120538677089e+06 7.737651978858293034e+06 9.346173709197357297e+06 1.061389133392016776e+07 1.029237809200458974e+07 8.508067246770765632e+06 6.636034239374255762e+06 5.915944242458536290e+06 6.154159174435628578e+06 6.514915133337138221e+06
5.246724090021040291e+06 6.088340045804908499e+06 7.940391505210800096e+06 9.455065643228657544e+06 9.079013082782484591e+06 6.980540173619463108e+06 4.813153716495305300e+06 4.205605070134093985e+06 4.704263228826484643e+06 5.077171452454328537e+06
3.277402005112721585e+06 3.999235240712760948e+06 6.123543695505382493e+06 7.890202344667620026e+06 7.455888259241776541e+06 5.066862899482618086e+06 2.542987591600189917e+06 2.316958286207593977e+06 3.218655343182102777e+06 3.474699626351650339e+06
1.138048176073809853e+06 1.616201652281988645e+06 4.013416062756979838e+06 5.922716282395303249e+06 5.432858030254086480e+06 3.034361976111631375e+06 5.260758443825215800e+05 1.791127687111856416e+06 2.552673304914575070e+06 2.233809720838015433e+06
2.014935721681234427e+06 2.054572411207590718e+06 2.488860333601968829e+06 3.645899341775500681e+06 3.142633326651309151e+06 2.644617510945287533e+06 3.404132588652705774e+06 4.016462507864992600e+06 3.749031344947866164e+06 2.790345265118734911e+06
4.758234795071311295e+06 5.300515005171807483e+06 4.006349974862053059e+06 1.779909530854277080e+06 1.771357794256886002e+06 5.208956243650490418e+06 6.786993875550073572e+06 6.850424424397235736e+06 5.872317333219664171e+06 4.691323228930654936e+06
7.575000522295526229e+06 8.893325279120437801e+06 7.278155384607253596e+06 3.205177833066933788e+06 3.865734157341548707e+06 8.704929351513054222e+06 1.024313302753770724e+07 9.683835768349649385e+06 8.108312439207343385e+06 6.785425895800702274e+06
1.016688506569951214e+07 1.250553798351644166e+07 1.096253279119876772e+07 6.092133789546471089e+06 6.904614739673140459e+06 1.239502170571267046e+07 1.346029252122086845e+07 1.216423255930792168e+07 1.005694728151122108e+07 8.612743405952746049e+06
1.222666010917905159e+07 1.581684701654142514e+07 1.459825901078668609e+07 8.969189381567794830e+06 9.883185356245540082e+06 1.587795657372266240e+07 1.602280774966517277e+07 1.390450238328537717e+07 1.139639775933552347e+07 9.857469468182334676e+06
1.341749443263285793e+07 1.843726192538350821e+07 1.778787413526197523e+07 1.137670991114079393e+07 1.238463179454404674e+07 1.872646782291442156e+07 1.740906373121136799e+07 1.447299240194892325e+07 1.184031440277610347e+07 1.025264021429751255e+07
1.341101006390723959e+07 1.991950601991611347e+07 2.009504643450963497e+07 1.290235024520159140e+07 1.400343530378257483e+07 2.045382927998837456e+07 1.701510839933261648e+07 1.343406598397902772e+07 1.118846100542140566e+07 9.627741055746948346e+06
1.195675434706776030e+07 1.980193743752906099e+07 2.106148953712683916e+07 1.313973636476049386e+07 1.433336194696807303e+07 2.054503265952880681e+07 1.421130475621087477e+07 1.042873810176513717e+07 9.445889041162110865e+06 8.045015962572006509e+06
8.994716937060125172e+06 1.768601357481949776e+07 2.027239720501999184e+07 1.175475992178217508e+07 1.302751838600925729e+07 1.852957958511470258e+07 8.441830474992252886e+06 5.338086543821126223e+06 7.097646415250890888e+06 6.155764406870553270e+06
4.947604984750282019e+06 1.337364678184869140e+07 1.747230082861786336e+07 8.633760971162766218e+06 9.897646617119876668e+06 1.409682787870177999e+07 6.303407010721579427e+05 2.717770549622500315e+06 5.759697644673226401e+06 5.820892287303599529e+06
3.410450292799616233e+06 7.327687446298358962e+06 1.277904266032402590e+07 4.480947652801705524e+06 5.061348027915189043e+06 7.268427235361797735e+06 1.291606878415916674e+07 1.107808422437395900e+07 7.126244174147047102e+06 7.962248103122101165e+06
7.826619385955701582e+06 5.825627832276375033e+06 7.431982297175962478e+06 5.232497316617578268e+06 1.696082568190205842e+06 2.206193185832711402e+06 2.771631830520953983e+07 2.017552362993924320e+07 9.312896370932964608e+06 1.051970299208359979e+07
1.214491542747028545e+07 1.456598996924660727e+07 7.218303925639078952e+06 1.128915642281492241e+07 7.842113813099259511e+06 1.165004325794762373e+07 4.351474341732653975e+07 2.803240887343046442e+07 9.912798150169946253e+06 1.171249231881830841e+07
1.423751609278409928e+07 2.499070092780557275e+07 1.309455009093227424e+07 1.690600033657389507e+07 1.324077793638084643e+07 2.071570206726041809e+07 5.793213827852094918e+07 3.262695377023607120e+07 7.602982176393421367e+06 1.079961947593656555e+07
1.297122072502996214e+07 3.490103968477274477e+07 1.840168259458256140e+07 1.983465436623299122e+07 1.595026598224810511e+07 2.692822195920720324e+07 6.790504528056599200e+07 3.206034039073730633e+07 3.055491687586201821e+06 8.828793705549687147e+06
8.149240195284694433e+06 4.331325276142305881e+07 2.044889090047113225e+07 1.838427711234991625e+07 1.455441321259887516e+07 2.808469097750718519e+07 7.023070412147133052e+07 2.523954320998759940e+07 7.977470847160014324e+06 9.694336475188095123e+06
3.570526458442840725e+06 5.002655238789854944e+07 1.822296576117758080e+07 1.178367797650467977e+07 8.894752755941754207e+06 2.270288245529236645e+07 6.255539807014338672e+07 1.268432512483703531e+07 1.653355303585419804e+07 1.346657117281997576e+07
1.052585499036525190e+07 5.580060067378760874e+07 1.322627475997361168e+07 3.268778897669326980e+06 6.480836279671172611e+06 1.102225379976329021e+07 4.482635849059136212e+07 2.927501680418317672e+06 2.207354490587776527e+07 1.476367848748538084e+07
1.766954691670343652e+07 6.219280084047339857e+07 1.262585064724931680e+07 1.383814827707445435e+07 1.609370008188503236e+07 5.671874359795146622e+06 2.209083234162312001e+07 1.674048345060165040e+07 2.107876430729816109e+07 9.557505717045748606e+06
2.089114835503109917e+07 7.078138990789523721e+07 1.886937205934744701e+07 2.495311897056136653e+07 2.396271957053146139e+07 1.971526879766471684e+07 1.936952905767633021e+07 2.338232744516379759e+07 1.246584488752437383e+07 6.936154670219738036e+06
1.934883214462644607e+07 8.148749572625522316e+07 2.288167810998203605e+07 3.115471259699404612e+07 2.394625693423480913e+07 2.660926931154762208e+07 3.449405393429614604e+07 1.948261259477913380e+07 4.694764000846452080e+06 2.623840646549415588e+07
1.404909079505539313e+07 9.030350153745195270e+07 1.986166296014780924e+07 3.584207438812755048e+07 1.380714808204270713e+07 2.118203092579807714e+07 3.640137405251344293e+07 8.731198435163889080e+06 1.447487994275434688e+07 4.655979142294597626e+07
6.540148122784548439e+06 8.857788319980716705e+07 1.149346714062395506e+07 4.847968446245563030e+07 5.223943486112916842e+06 3.912594891713282093e+06 2.271866118008632213e+07 1.413880426867486909e+07 1.537924891496952809e+07 5.908747049698750675e+07
7.336863269584289752e+06 6.667878738439317793e+07 1.051660426998277567e+07 6.585447744906768948e+07 1.995587528655322641e+07 1.699994107339174673e+07 3.248530145914843678e+07 1.971066958905840293e+07 6.525208453406365588e+06 5.812442438634991646e+07
1.645026368957358599e+07 2.320433283209677786e+07 1.468175957842478901e+07 7.274735441223721206e+07 2.263134905101850629e+07 2.778292550760852918e+07 6.622295385487330705e+07 9.238922762972019613e+06 2.247916770093331486e+07 4.403528549964208156e+07
1.791013142679816484e+07 3.330184469519536570e+07 1.096632296494506672e+07 5.946818708779557049e+07 1.059324917817668058e+07 1.762109741180254892e+07 8.588141089816641808e+07 1.396462629258369282e+07 3.400228603980728239e+07 2.428286247506866604e+07
7.501384169542134739e+06 6.463673345429599285e+07 7.390171269490980543e+06 3.644976621620685607e+07 2.219193192153371498e+07 1.024219229975035973e+07 7.777040543739560246e+07 3.246221380023799464e+07 2.153429823063307256e+07 1.311628351873917878e+07
1.049021692336310633e+07 4.794523560808435827e+07 1.364097902611920610e+07 3.234347236034020036e+07 3.468914053384820372e+07 3.295418814112120122e+07 4.513630616322919726e+07 2.928874184613787755e+07 2.584346420400069654e+07 1.022082609927002154e+07
1.486348820471037738e+07 2.655829810715270415e+07 2.041859891389685869e+07 2.412491558940759674e+07 2.390795576653257757e+07 2.459875188349869475e+07 5.195933550758095458e+06 7.872845547824424691e+06 6.353364223306981474e+07 1.093297120036226930e+06
1.478908963848452643e+07 8.349411951277300715e+07 2.661296974368700013e+07 9.789529798848764971e+06 2.117474863666994497e+07 1.596388864975186624e+07 2.519598608665524051e+07 2.071842119496001303e+07 7.475296733932034671e+07 1.037824466879005916e+07
2.155148003479749337e+07 9.257782784748175740e+07 3.110426415489019081e+07 3.502753283312588930e+07 2.971088041640992090e+07 4.941633421719902009e+07 3.074471561339851841e+07 2.648262811908904091e+07 5.708582262244845927e+07 4.777507876666448079e+06
3.738827885437069088e+07 6.225721267828998715e+07 6.513827210795748979e+07 2.240123562889733166e+07 3.632190247253458202e+07 3.103168617546271905e+07 4.289837658311071247e+07 2.258886859325693548e+07 3.333718223056706414e+07 1.188269473360604234e+07
6.982066353202666342e+07 3.404565358975145221e+07 8.410833203352564573e+07 1.644950687749880366e+07 4.779395103565674275e+07 2.702503407758056745e+07 7.085238649804338813e+07 7.968486872585831210e+06 2.802669857292804867e+06 7.280103868315554224e+06
5.468800367135699093e+07 4.560669662727008760e+07 4.769829540515710413e+07 3.317186908536334708e+07 1.330817816266166791e+07 4.400562075211548805e+07 1.029978597596376985e+08 2.286555106865898520e+07 3.180417686413187161e+07 6.445311794954610057e+06
2.593880397663116455e+07 4.916293800793018937e+07 2.989715471828141436e+07 2.543371986066995189e+07 4.083566162024665624e+07 8.410270166070800275e+06 1.262843414040118307e+08 2.473529964623487741e+07 2.619598029399373010e+07 6.015181662130123377e+07
1.204037215179292858e+07 2.505256874279306084e+07 1.952918319822590053e+07 4.510697397211507708e+07 5.308977861154397018e+06 3.271302268239980936e+07 5.341628714387114346e+07 3.079419685676062480e+07 3.419811631069904566e+07 1.255830277796463966e+08
2.307377152877536416e+07 3.798734479263425618e+07 2.678444824269421771e+07 7.182810202389751375e+07 5.465157790681945533e+07 2.005866559657410160e+07 6.360479442193476111e+07 2.810431886304784939e+07 1.549977549372950010e+07 7.147062212582337856e+07
4.879449616288588382e+06 4.016981104304983467e+07 5.752082232629876584e+06 1.476622423363752291e+07 1.229127804082921706e+07 3.261461192653332651e+07 9.178523524006187916e+07 1.100945661057195999e+07 1.919038289636128023e+07 2.376820484169824794e+07
2.605228003756494448e+07 1.126536625158088654e+08 3.580189177596598864e+07 5.238490493396182358e+07 6.526425432024116814e+07 6.391468695199599862e+07 2.175042851013672054e+08 1.227204920907587111e+08 2.238296985617242754e+07 2.079069592681171745e+07
1.267949723732305318e+07 1.472203387086079419e+08 1.196413488389478773e+08 1.939535450014947727e+07 3.277909548974748328e+07 1.072077617697710097e+08 4.998272615215530992e+07 2.326043603655531704e+08 4.838402523460230976e+07 1.939697370751552656e+07
2.714908805635407194e+07 8.666695759452196956e+07 4.247507223724673688e+07 3.175167646319180354e+07 1.269604791939823329e+07 5.279287392401981354e+07 7.963688762874591351e+07 1.095625369919038117e+08 2.827931271347171441e+07 6.232000600066644140e+06
1.052515669060130045e+07 3.066511988065198064e+07 3.886032590960560739e+07 9.785718005519098043e+07 4.706171544821605831e+07 3.992379119011285156e+07 1.391177168295241892e+08 6.052221019508080184e+07 1.616201593034961522e+08 1.643784855932440050e+07
1.540582015386622213e+07 8.882832354221042991e+07 4.208536012735161930e+07 1.040214800203219950e+08 5.923983217602814734e+07 1.151010020221485943e+07 1.611167703842458129e+08 1.025329946449440867e+08 2.699366497217068449e+07 5.628499594602017850e+07
2.894138483461401612e+07 9.388906127665790915e+07 5.616798748021329939e+07 2.592661496447943896e+07 3.285912556281010434e+07 1.610959103457748890e+07 2.091824995291012526e+07 3.909782547037848085e+07 7.672729103853083216e+06 1.765645324281914532e+07
9.697992844820770621e+07 9.918635891849353909e+07 3.325234543344003335e+07 2.198972217978059873e+07 2.275083635712504759e+07 1.605519024573627859e+07 1.024622003553539068e+08 7.211331222272001207e+07 1.661196502884944901e+07 1.338916588371062838e+07
5.677495667045813799e+07 8.274159491310511529e+07 1.558596411570758745e+07 1.392986306414204091e+07 2.069283414183996245e+07 2.022498809156427532e+07 2.189792192211260498e+08 3.559352629007744789e+07 2.222911702591945976e+07 2.661986332601488009e+07
1.275054441521857306e+07 6.122601290554644912e+07 1.964414461857147887e+07 3.673753212052594870e+07 5.594777028301656991e+07 2.185151912480925769e+07 5.548450193937794864e+07 2.548407992497405410e+07 2.006529747072611377e+07 3.842943688569956273e+07
1.033038508619653620e+07 2.247046768860503435e+08 4.360914596799317747e+07 6.586004608309181035e+07 1.075920736989741214e+07 3.259524046176061779e+07 5.193366520455577970e+07 7.222399471110084094e+06 4.396084396406778693e+07 1.569475601289862990e+08
5.701282399936269969e+07 1.406262889146711230e+08 1.026930836224005520e+08 2.857544155045764148e+07 2.060288136875490844e+07 3.529937902029687911e+07 3.275724863304524422e+08 1.555589107691687346e+07 1.072558442098778933e+08 4.230930934490360320e+07
1.048836788117262162e+07 1.226250011942134500e+08 2.359476044673669338e+07 3.296955887046140432e+07 7.727413590663968027e+07 5.757815663549461961e+07 1.431166454057452381e+08 6.975007216633901000e+06 2.143989000677292421e+07 4.134836387550564110e+07
2.172616830090215057e+07 9.743818852806523442e+07 3.169455539024532586e+07 4.918123149434140325e+07 1.174880039755501896e+08 2.992326119655620307e+07 2.377725399516989589e+08 3.215827314610122144e+07 4.484589713118825108e+06 3.841081534921129793e+07
1.756575700772110373e+07 5.662548320214447379e+07 1.487280869734629616e+07 4.044751224639368802e+07 2.821008705863913894e+08 1.578831236284040213e+08 1.126416278520634174e+08 3.007399296025514603e+07 2.755362602482387796e+07 8.827408902851930261e+07
3.659237802275469154e+07 1.178126208547084332e+08 4.983621792040228844e+07 1.957737955744479224e+07 2.737853410874955058e+08 4.002988813676690310e+07 2.629184197597616017e+08 1.131586701399673969e+08 4.186893792135149240e+07 1.994762318466750160e+07
2.309853263593327627e+07 6.078224467560312897e+07 9.793893995187674463e+07 4.824118769086235762e+07 1.342477057675200999e+08 2.490073137741755322e+07 7.331744571664470434e+07 6.751487970570790768e+07 2.168020460328006148e+08 3.103475265066096559e+07
5.131970679791782796e+07 1.733487735693657398e+08 1.300153166250402182e+08 5.648589432079237700e+07 4.758769371175581217e+07 2.113426397796310112e+07 2.951635955168253183e+08 8.347165768049772084e+07 3.640688990935528278e+07 1.575499049416307807e+08
2.647496930777255818e+07 1.292528407658063918e+08 1.684674172300243005e+07 5.349627886806049943e+07 1.142470013357738703e+08 4.221611393968619406e+07 1.149420593007204980e+08 4.955032450059974939e+07 8.543770256043842062e+06 8.009840998687848449e+07
3.150308130707067996e+07 6.613596288400335610e+07 1.259515050976360142e+08 9.106661887004309893e+07 1.585123864539305866e+08 5.925806325027038157e+07 1.250481978299977034e+08 5.754021414544344693e+07 5.626580173601949960e+07 2.490940735756429657e+07
7.887179291074915230e+07 1.126177793092861474e+08 5.693288201868100464e+07 1.864884008401926979e+07 7.980203669038425386e+07 4.155199300423076004e+07 1.078530812238290310e+08 9.642790668445801735e+07 9.208462297346977890e+07 9.782145014491111040e+07
5.922828949703633040e+07 6.479856575890977681e+07 7.664388731591884792e+07 2.079217717462053150e+07 4.143298556607328355e+07 1.485172408046892285e+08 1.375103163525404334e+08 1.325932881303913891e+08 5.897939125288201123e+07 3.780759338910084963e+07
6.210136640689431131e+07 3.697844043855178356e+07 9.365487996753975749e+07 1.007204586295984387e+08 1.547032337667920887e+08 8.108606946869947016e+07 2.125096064024930894e+08 1.561829855711732805e+08 8.165425534196983278e+07 8.196657864897410572e+07
2.055154132801443338e+07 3.908172493177995086e+07 8.767057285644133389e+07 7.596005819466026127e+07 5.534165351664275676e+07 2.409474060342261568e+07 1.668011373302374482e+08 5.944937267302788049e+07 1.476827082969469726e+08 7.952601409330892563e+07
3.967903598051422834e+07 1.171901868851403594e+08 7.400684170234024525e+07 2.838743482780907303e+07 1.693048305165339112e+08 1.002314939457478523e+08 4.424855426133407652e+07 1.457013252166234888e+07 4.790109478678096831e+07 3.604253134050901979e+07
6.671781832319453359e+07 1.369653357396749854e+08 1.344766642277848721e+08 3.073109690863928944e+07 5.298535800237930566e+07 4.768433426106467843e+07 1.204524293401684761e+08 2.918708685387357324e+07 5.555041442190902680e+07 1.457822232482772768e+08
1.021354538260998428e+08 6.283699793533959240e+07 1.190320602451588660e+08 6.195468736077914387e+07 1.757661800420764089e+08 7.433088381899386644e+07 2.559607658355267346e+08 7.262007426401636004e+07 4.552075510958784819e+07 1.751689536723600924e+08
