8.123706542947519571e+06 7.285126709024654701e+06 6.937415498390099965e+06 7.263761169316967949e+06 8.007499696924720891e+06 8.726631828191839159e+06 9.180443693011397496e+06 9.394936253049751744e+06 9.367500807632433251e+06 8.945668299379952252e+06
8.315215188742662780e+06 7.278066073563518934e+06 6.853598193017028272e+06 7.263847921558134258e+06 8.180549585993251763e+06 9.041161901209205389e+06 9.558267559760503471e+06 9.805840269572982565e+06 9.799002482193719596e+06 9.316614114784406498e+06
8.386518970581597649e+06 7.112563521948224865e+06 6.601655160016050562e+06 7.111817059596512467e+06 8.233188849586280063e+06 9.254855324786273763e+06 9.833080101514345035e+06 1.011418689227780327e+07 1.014197867702603154e+07 9.600129909968249500e+06
8.308847979174167849e+06 6.760867262300143018e+06 6.161382159504396841e+06 6.783059296451842412e+06 8.138488271578516811e+06 9.339278389989342541e+06 9.970411199388230219e+06 1.028290043754331581e+07 1.036491999504683167e+07 9.770089664935121313e+06
8.054343082115483470e+06 6.208222732477113605e+06 5.541161732279988937e+06 6.267113832414174452e+06 7.871860096431443468e+06 9.265051638865612447e+06 9.932306274299725890e+06 1.026993209926722199e+07 1.043249374057376385e+07 9.799072069151928648e+06
7.600446336751152761e+06 5.478090109940692782e+06 4.830637906152090058e+06 5.592259183310756460e+06 7.416530824196636677e+06 9.004527564280331135e+06 9.679802284400099888e+06 1.003014905360831507e+07 1.030673135042713396e+07 9.660159073413755745e+06
6.938112492931805551e+06 4.698929462602050044e+06 4.327346375675886869e+06 4.886051553372662514e+06 6.773875213251744397e+06 8.536350865653369576e+06 9.178236715878188610e+06 9.519876354780865833e+06 9.949260619054650888e+06 9.329625446693496779e+06
6.088401255523814820e+06 4.252400279474210925e+06 4.633943440842095762e+06 4.495012163653288037e+06 5.984170865465044975e+06 7.853274296095224097e+06 8.408692610249392688e+06 8.707439366376927122e+06 9.325182131357623264e+06 8.790705084255868569e+06
5.139582653775973246e+06 4.783788446270682849e+06 6.172208733171008527e+06 4.978523908548160456e+06 5.169693852516432293e+06 6.976267945079110563e+06 7.394560823770122603e+06 7.599440722734685987e+06 8.409813714576637372e+06 8.038594836010235362e+06
4.328970559285284951e+06 6.536511979461742565e+06 8.763054555574657395e+06 6.583383791580974124e+06 4.606010691156117246e+06 5.982002946935424581e+06 6.269006302930599079e+06 6.314711112116852775e+06 7.201545913272350095e+06 7.086830832316380925e+06
4.120096286560314707e+06 9.190162513534547761e+06 1.209939763333585672e+07 9.060134636542573571e+06 4.702288972483112477e+06 5.056197495494586416e+06 5.434457922723612748e+06 5.294851251729129814e+06 5.751924749019260518e+06 5.975242603641697206e+06
4.871249159883773886e+06 1.240600451483250596e+07 1.594265333721819147e+07 1.209380614675922319e+07 5.635504110409771092e+06 4.551907097635743208e+06 5.663828452133184299e+06 5.538065442785426974e+06 4.258829226135896519e+06 4.780144577717901208e+06
6.344452148328799754e+06 1.591265197593988292e+07 2.005367043313289806e+07 1.542216946701470762e+07 7.140064899984764867e+06 4.832066657068522647e+06 7.392576043896355666e+06 7.637707152382399887e+06 3.361223534577297047e+06 3.628534307467170525e+06
8.079406006919720210e+06 1.942554722451618314e+07 2.413143308118180931e+07 1.878085032901632041e+07 8.832101882660668343e+06 5.826809370420796797e+06 1.021441521921760775e+07 1.104859090327958204e+07 4.047264769642450847e+06 2.714136893143036403e+06
9.706086251354521140e+06 2.260049827728516608e+07 2.778099169862566143e+07 2.186595855082565174e+07 1.038684788886167109e+07 7.110652467976097018e+06 1.359847789198651724e+07 1.517267894754054956e+07 5.942462098517145030e+06 2.258048193374699913e+06
1.092532505457045324e+07 2.502013171244168654e+07 3.050388411907738447e+07 2.432792925568193942e+07 1.153732324027386867e+07 8.281955055398860946e+06 1.713053225429414213e+07 1.958319043892790750e+07 8.161441471925157122e+06 2.294383803324155044e+06
1.148492330598875694e+07 2.620714392681951448e+07 3.171553774610881507e+07 2.579322185184783116e+07 1.208241071531856246e+07 9.058183301897756755e+06 2.042114258821941912e+07 2.385987704119088128e+07 1.021830700684176199e+07 2.676097539918759838e+06
1.120242095851832628e+07 2.566849512651350349e+07 3.080570663303223625e+07 2.591797343718439341e+07 1.194172926706237346e+07 9.296274519654631615e+06 2.305422160324241593e+07 2.751042771986178681e+07 1.179016183310120925e+07 3.489835783963561989e+06
1.002052540410672873e+07 2.298204256213252246e+07 2.728170652504306659e+07 2.448504980610889196e+07 1.125878169349096902e+07 9.077429164784744382e+06 2.459098868492255732e+07 2.995583577093487605e+07 1.262733509508397244e+07 4.988296254650520161e+06
8.085340507273877040e+06 1.795776537786349282e+07 2.114623902547601238e+07 2.157097030814732611e+07 1.051975619278912619e+07 8.844045785305216908e+06 2.461664069589671865e+07 3.056100139969874173e+07 1.257274410681136698e+07 7.184725343639036641e+06
5.841520037148304284e+06 1.108789491277765483e+07 1.445369531505055539e+07 1.785181157759293914e+07 1.045933761231562309e+07 9.337742755876410753e+06 2.283229148012794182e+07 2.871661271386709064e+07 1.161795004215977527e+07 9.760927888586202636e+06
4.078307609878813848e+06 6.874100516236853786e+06 1.593637485369664058e+07 1.508932320862066187e+07 1.137415354952528328e+07 1.089440889267397486e+07 1.921606589555158094e+07 2.399957652579402551e+07 9.965618292740367353e+06 1.215686458685810119e+07
3.296910627098937053e+06 1.383136741996125318e+07 2.783262543656434491e+07 1.558980095220368914e+07 1.256907969327564351e+07 1.288016630942730047e+07 1.437224482484832965e+07 1.654494986921036243e+07 8.069382881283312105e+06 1.366849387036127225e+07
2.410603190442878287e+06 2.330374523091846704e+07 4.182737991981176287e+07 1.889530942071108520e+07 1.290974781635864452e+07 1.418323828076012805e+07 1.059053854295700230e+07 9.057660922771263868e+06 6.614056218440734781e+06 1.360760409529405087e+07
5.830773899746306706e+05 3.044528319382378086e+07 5.277984152279137820e+07 2.216129889673849195e+07 1.155011284853371419e+07 1.380810062610565871e+07 1.212417978168981895e+07 1.342964442157408409e+07 6.392936620906713419e+06 1.155608278802031092e+07
4.644184619809982367e+06 3.262454559979633987e+07 5.647034865821941197e+07 2.325623729160685465e+07 8.335307649883836508e+06 1.123189302380958200e+07 1.755673026857174188e+07 2.518945375797500834e+07 8.048177462317287922e+06 7.675717372675294988e+06
1.039683909878540598e+07 2.802656582118444145e+07 4.935566667093895376e+07 2.143161996450774372e+07 4.095991142883495428e+06 6.740026791334188543e+06 2.271463298229177296e+07 3.560738408135566860e+07 1.170614753053724393e+07 2.985214217794577125e+06
1.578954320775831304e+07 1.631142626553898305e+07 2.979463303659379855e+07 1.737977143687995523e+07 1.957617885682386812e+06 2.449704932503040414e+06 2.570541378510588035e+07 4.096335475136829168e+07 1.660920351833212189e+07 1.403520696494620526e+06
1.866303053671225160e+07 3.085072014449643902e+06 1.316945567199631827e+06 1.308640613811549358e+07 3.275717873551299330e+06 4.785280127546383068e+06 2.619387815860703960e+07 3.906672457939326018e+07 2.092955440508797020e+07 2.300774514569152612e+06
1.739295391458828002e+07 2.016993024576739967e+07 3.418944320438458025e+07 1.093209475257524103e+07 2.555191239269892219e+06 6.938088390822493471e+06 2.490427397719381377e+07 3.143894899455211684e+07 2.207484547129682451e+07 1.333513940013327636e+06
1.212511980709208362e+07 3.474985115063182265e+07 6.019800228922846168e+07 1.198017622039473243e+07 2.664258648576043081e+06 6.235150400597840548e+06 2.255059367260961980e+07 2.936029978400960192e+07 1.780464006121264771e+07 7.706361131740019657e+06
5.671989499209951609e+06 4.029542587442559004e+07 6.525540206599668413e+07 1.496659553437931091e+07 5.164882338865270838e+06 3.854977883643545210e+06 1.856431040378649905e+07 4.234325551742586493e+07 9.260690649936020374e+06 1.479307839482818171e+07
3.884694678956106771e+06 3.477801796971122175e+07 4.230252902013161778e+07 1.568602687590189278e+07 4.220852756877100095e+06 2.010991239364035428e+06 1.186093967932482995e+07 5.548649483729290962e+07 1.318088105261355266e+07 1.784843691333741322e+07
5.477821208753977902e+06 2.080140796420554072e+07 2.977305409847239405e+07 8.427288788063844666e+06 4.129060756717278622e+06 5.118211766630245373e+06 3.780561269347970840e+06 5.461381478783914447e+07 2.491690776360618323e+07 1.391832369324859045e+07
7.126215195782491006e+06 4.652794036079979502e+06 7.911557999935036898e+07 9.908410584884986281e+06 1.276696885690234788e+07 1.329963148673359305e+07 4.221936686043236405e+06 4.052896186967749149e+07 2.881819404369790480e+07 5.430359293186988682e+06
4.860791121943089180e+06 9.897641984068173915e+06 1.040199750685564131e+08 3.223078055810907111e+07 1.721911745333583280e+07 2.057566822123090178e+07 2.729106859805189073e+06 5.224504189184103161e+07 2.132698918932700530e+07 6.560395575140966102e+06
7.014259072127882391e+06 1.746563007654881850e+07 6.765702105010811985e+07 4.487935308694922924e+07 1.365423335379591025e+07 2.019182092612948641e+07 8.013113414492674172e+06 8.915421720223884284e+07 9.908135844912813976e+06 1.265776232633270696e+07
2.399753765969765559e+07 1.676775209093027376e+07 2.715452830800744146e+07 3.486895035642898828e+07 1.212748054986433871e+07 1.107220346061130054e+07 2.176572772158810496e+07 1.022462282139031887e+08 1.151050710270864889e+07 2.200323525008846074e+07
3.215933421949998289e+07 1.406917001755747572e+07 1.205166594196765572e+08 5.336917086113669910e+06 1.244485197353601828e+07 4.980147497663536109e+06 2.588727346197101101e+07 6.897981561500592530e+07 1.370895926389837079e+07 2.798622900662225112e+07
2.461094052616164833e+07 2.113385211068945006e+07 1.305304402580954432e+08 2.364705084701696038e+07 5.927976140419118106e+06 1.061331084477748349e+07 1.475873877712805942e+07 4.806564700147935003e+07 1.817201660589818656e+07 2.211830407977545634e+07
2.536132877162187919e+07 1.648693718577593379e+07 2.510496874864265323e+07 3.079009696198619902e+07 1.607967953614406288e+07 1.893819672210010886e+07 2.175451936288809776e+07 1.037977401297898293e+08 1.810260491591149569e+07 1.720748431791152060e+07
3.526140347919264436e+07 2.146805834663198516e+07 1.140051851502492875e+08 2.296592198233198375e+07 1.846278785180514306e+07 2.215857296849731728e+07 3.234093339704064280e+07 1.019595262604782730e+08 2.088740823218414932e+07 2.832132721767762676e+07
3.961517458443263918e+07 3.394806720787389576e+07 1.250280331921598911e+08 2.343918670219174027e+07 1.493413797922685929e+07 1.973664698617953062e+07 1.812110319580721855e+07 5.014179998220174760e+07 3.524626436101714522e+07 4.394696860669199377e+07
3.129560633902133629e+07 5.774290296407447197e+06 4.459228576254911721e+07 2.836419368832515553e+07 1.456148199112767354e+07 7.835663362070398405e+06 5.272399160769752227e+06 1.089217691591387838e+08 3.265481357936485484e+07 3.846394609885349870e+07
2.622321695421331376e+07 3.739699999961816519e+07 1.565714650136536062e+08 1.251598158285347559e+07 1.516898652127655596e+07 1.831635199649040401e+07 1.443517345244861022e+07 1.094969144436393082e+08 2.585074452277658507e+07 1.448315070133654773e+07
3.160933091435283422e+07 3.577234307441605628e+07 4.460134536859355867e+07 3.307826526738383621e+07 4.844803562334307469e+06 2.335140902740203217e+07 1.869121644271904230e+07 9.377753634015338123e+07 1.049528414625713043e+07 1.433701041926362924e+07
2.011539665664793178e+07 1.249661335124126449e+07 1.609172288531350791e+08 2.903761909094605595e+07 2.089457706353614852e+07 1.422684181879086187e+06 1.698587044585489854e+07 1.280255326433686465e+08 1.379275889058423601e+07 1.736693610677045956e+07
5.580460206412160769e+06 4.703344078766986728e+07 5.682766926432711631e+07 2.261797449418540299e+07 2.671712856208321080e+07 1.587699077856358513e+07 1.067296227038318478e+07 6.715941105308733881e+07 1.782173063889691606e+07 1.422947075085704960e+07
1.367291784041393548e+07 1.352402234258736856e+07 1.828307616890566051e+08 3.825478987363364547e+07 1.136947431422930397e+07 2.480085848914004490e+07 4.174032701391102374e+07 9.935281135542550683e+07 3.729408822712437063e+07 2.055653049400996044e+07
1.069526915361320414e+07 3.779221789504793286e+07 5.385423772122348100e+07 3.461646002141239494e+07 6.848551916644446552e+06 2.940800206964506209e+07 3.669339795600340515e+07 6.234859799702949077e+07 3.155979743887910992e+07 3.045484015364791453e+07
1.304060887174874730e+07 2.020626673129443079e+07 1.616618988529817462e+08 3.420380835023754090e+07 3.125511649231965467e+07 3.615731764827414881e+06 4.336898411942756176e+07 1.243675391456355602e+08 2.148094178046882898e+07 4.405113527253751643e+06
2.386212737604435906e+07 4.502583213496869057e+07 5.954035637477395684e+07 5.009078089678345621e+07 2.153466793510880321e+07 1.211585092272779532e+07 8.228615177983936854e+06 1.032288034701677561e+08 1.871565566506201774e+07 2.903166628304050118e+07
2.926954973812663928e+07 3.618584234177053720e+07 9.299512501006372273e+07 3.638433778984649479e+07 1.631941984003307670e+07 2.176032607520738244e+07 1.977291463590713590e+07 9.501206271728143096e+07 1.305272305446769483e+07 1.776803201897571981e+07
4.986518436544855684e+07 2.981134125870723650e+07 9.488519354988110065e+07 2.613104921184600517e+07 1.902858864264149219e+07 2.515064781984848902e+07 1.386417083748611994e+07 8.777040769119499624e+07 3.782499192759575788e+06 7.454899698636595160e+06
5.512534721396624297e+07 2.846703647832355648e+07 1.016281027705785185e+08 5.670807108979891986e+07 2.610213973011840135e+07 7.258459912834196351e+06 1.656755111159864627e+07 3.063271437698271126e+07 1.805493332568610087e+07 3.903483984262958169e+07
2.077971601974628121e+07 1.660084360379085131e+07 4.845407259341540933e+07 4.040192594436194748e+07 1.744700417603615299e+07 1.673588443256008439e+07 2.358774812602727115e+07 6.311392503188752383e+07 6.191408805825583637e+07 6.569234025077355094e+06
4.127323551624568552e+07 4.097080909075763077e+07 5.804129806376263499e+07 1.965801573191244388e+06 1.718312917310213670e+07 2.231712084085039422e+07 4.734825357311014086e+07 3.344182561460299417e+07 2.891427437317660823e+07 1.669553324078662880e+07
4.177436045837334543e+07 3.839985162271066010e+07 3.850520821936217695e+07 5.769508437571204454e+07 2.783490577183416486e+07 3.018275258808117360e+07 2.650599478467101976e+07 2.904727240530461818e+07 8.995843546037092805e+07 1.792063551601079525e+06
2.361634273597641289e+07 4.794931322964226454e+07 2.568583712935603410e+07 4.131351041862764210e+07 1.988585384377611801e+07 5.448786330279630609e+06 7.278728129395328462e+06 4.481992991065695882e+07 1.667524358710063063e+07 3.857275001196684688e+07
3.658603894207482040e+07 2.784127302784529328e+07 8.114012276364459097e+07 3.232782434860241786e+07 5.341440569121583551e+07 2.477804023044702038e+07 3.674719931903356314e+07 4.352226723434788734e+07 2.679290662809048593e+07 2.524711008685263246e+07
2.909609235063587129e+07 3.564674548564137518e+07 5.897283708998936415e+07 1.968742346238319203e+07 3.683858840554869920e+07 2.200362177474476025e+07 3.960813132623222470e+07 3.228419753810721636e+07 1.454733425789288804e+07 4.606873665496501327e+07
3.718997500834435970e+07 7.266465651797734201e+07 2.001515730819032341e+07 2.330933799573184177e+07 3.610979247941701114e+07 4.493048822429982573e+07 1.719657328377928585e+07 5.135044108595586568e+07 3.467783722241490334e+07 2.226739078217899427e+07
1.662830872669165768e+07 4.835775809445511550e+07 3.976161095655544847e+07 1.888969747034723312e+07 2.494839191502217203e+07 1.044921634077789634e+07 3.430052618340965360e+07 7.273063153076775372e+06 2.262144361900527403e+07 3.050730883032719418e+07
5.902913782225679606e+07 2.963084008987741172e+07 3.092952319368780032e+07 3.116784883412962407e+07 1.972759901962934062e+07 2.496029295290116221e+07 1.713384547481406853e+07 4.489206348546668142e+07 3.461378778975349665e+07 1.818169107181226462e+07
5.897168817579724640e+07 3.236434136806828156e+07 1.010881391664247364e+08 1.180346013002379052e+07 1.392418467190233245e+07 4.886206901770381629e+07 1.205060277681370080e+07 7.335979642792579532e+07 1.954468356482791901e+07 1.931126344822094962e+07
2.728642498597124964e+07 2.926707148956465721e+07 2.725850525713592395e+07 2.327018375456428528e+07 1.965853907270453498e+07 6.078536278278793208e+06 3.406603907087823004e+07 8.811781573356020451e+07 4.135736278225436062e+07 3.978518814316565543e+07
4.602180422313974053e+07 4.397569093796500564e+07 1.084824439654958397e+08 1.801481308028233796e+07 1.535246032896646671e+07 3.838965188794228435e+07 3.682243177281650901e+07 3.777852480465273559e+07 3.597704558716028929e+07 2.322868092487674206e+07
2.004266713429627195e+07 4.838181978833443671e+07 7.256309158398844302e+07 4.419458855065276474e+07 2.423600077796483412e+07 1.542284048897927254e+07 2.901359092962854728e+07 9.699010211595197022e+07 4.871787502587113529e+07 4.372962836069221795e+07
4.463257905023545027e+07 2.782835683567776158e+07 4.236345713266437501e+07 2.406410826073113456e+07 4.637486832858654670e+06 1.233727032319336757e+07 2.368073565271019191e+07 7.096761412733098865e+07 2.661092083554033935e+07 1.737461231886393949e+07
2.151550246641334612e+06 2.543469509286269546e+07 9.826936260268804431e+07 2.506852716816928983e+07 1.445570369958917797e+07 3.480833147299127281e+07 1.066644880798184685e+07 5.855880282736948878e+07 2.908917268230256811e+07 7.208579346871816553e+06
3.608799537136197090e+07 3.848828912009394914e+07 5.814271567399847507e+07 1.555060494815581478e+07 3.521768714093301445e+07 2.515965614331437647e+07 8.142478065206413157e+06 1.670368155482302234e+07 7.533435972142009996e+06 1.767801946480726078e+07
1.558614135819051601e+07 1.254249814158551395e+07 7.038498665723800659e+07 2.290210695606954396e+07 1.972434368725044280e+07 8.721895736965127289e+06 1.138056284332201444e+07 3.790089333349748701e+07 1.182498996003094502e+07 4.143445521773031354e+07
8.321238739801806398e+06 2.529664800529292598e+07 7.795131399255803227e+07 1.285752965581808984e+07 5.659266551136245951e+06 3.591158127679967880e+07 6.842373306262478232e+06 4.479651276023824513e+07 1.240107999161844887e+07 6.784912028601879254e+06
2.895751376948305219e+07 2.831150422281041741e+07 9.525507144325770438e+06 3.909475382799179852e+07 5.348273571289733984e+06 4.269178725950001180e+07 3.654665858829758316e+07 3.926082332478230447e+07 4.717794850150077790e+07 1.326874351359049417e+07
1.123271567958327010e+07 1.327130596522087604e+07 8.943817339157338440e+07 1.707294819866397977e+07 4.055750124477892369e+07 1.821013236276843771e+07 4.674654232341558486e+07 9.574293478023847565e+06 3.149773659493781254e+07 2.441148070609175786e+07
9.825394359398628771e+07 4.889744834835472703e+07 7.781903063856744766e+07 2.455206879324923083e+07 1.958211212699352205e+07 1.252823100660037696e+08 3.222670796261120588e+07 7.623228632545448840e+07 2.463286604645883664e+07 2.365821377287314832e+07
1.097223681875417195e+07 2.133976625946015492e+07 1.264944192843841761e+08 1.627214808868065663e+07 2.506104690638186038e+07 1.991108698952010600e+06 2.498878388395918533e+07 9.261763974123585224e+07 1.623158431362282857e+07 9.131830393690483645e+06
6.646128611732676625e+07 1.696160658278725147e+08 1.077567790715938359e+08 2.731449992715284973e+07 9.873287396594213322e+06 8.226272254269288480e+07 3.410004892278969288e+07 8.256952679392805323e+06 6.643679102460240945e+06 4.993526510703354329e+07
1.988325315755956993e+07 4.805389309819577262e+06 8.924494265409463644e+07 5.002343973772010207e+07 2.594097452115386352e+07 1.776041566999659687e+07 4.645580174668803066e+07 7.968825027862753719e+06 3.403048756350746751e+07 3.053706587341623008e+07
5.787902723439493775e+07 1.224828000279226713e+07 3.908206340276477486e+07 3.798367372061308473e+07 1.342051648909529857e+07 1.006244796225544363e+08 3.241061551377905533e+07 5.295629361836558580e+07 2.656148898110720143e+07 4.680092773450010270e+07
3.833352350813888013e+07 4.711867754592915066e+06 7.211824063742999732e+07 1.326472065754400194e+07 1.898402509057334661e+08 1.152936324146946222e+08 2.366315572105369717e+07 4.986047566123994440e+07 4.220176254641930014e+07 1.462108063955348730e+08
1.772643559187300503e+07 4.586492552621757984e+07 1.060448682281398028e+08 7.126650656546884775e+07 1.239253997200727910e+08 5.363908701036082208e+07 6.670045372980149835e+07 2.807560299769983441e+07 6.695640318974342197e+07 4.555035290210073441e+07
4.442069157542841882e+07 2.463260544383999705e+07 4.186918615889977664e+07 1.825939539285362139e+07 3.779226783352264762e+07 1.618848866456899792e+07 6.411966300412912667e+07 4.046406710433425754e+07 1.286641711752451211e+07 1.137496711903140880e+07
1.449521485104358494e+08 2.895000096710016951e+06 1.847050642114748433e+07 5.498268273284832388e+07 7.156332495356431603e+07 2.597585000919159874e+07 2.355896138002520427e+07 2.084344465256932005e+07 1.802692227372588217e+07 2.711750824418983608e+07
5.007039277775479853e+07 6.380621654453538358e+06 8.290295175209394097e+07 1.460704174720583558e+08 5.144815871716375947e+08 3.180960770411151648e+07 4.861068613318819553e+07 1.736513279913080484e+07 4.618141459391936660e+07 3.142785375110894442e+08
2.409729400616660714e+06 5.501883713628923148e+07 9.065141659143184125e+07 8.514323467019582167e+06 3.039329890629965439e+07 1.223401080312669277e+07 5.092585838858386129e+07 6.945941324876330793e+07 8.949246664459925890e+07 4.475315862780025601e+07
