9.079160898877030239e+06 8.832305987975833938e+06 9.187499568823194131e+06 9.835215759005481377e+06 1.025798944192118011e+07 1.030381901366932131e+07 1.023874033930612169e+07 1.024627798398729973e+07 1.013620882805997133e+07 9.681970702649470419e+06
9.152224342849623412e+06 8.828043449401710182e+06 9.284028880345631391e+06 1.010980350121277943e+07 1.062016787498419732e+07 1.063210759701801278e+07 1.052993876356884278e+07 1.056986280452920310e+07 1.047960697965360619e+07 9.926130600683614612e+06
9.041906942375231534e+06 8.616915235522717237e+06 9.201466958264553919e+06 1.025314206959462725e+07 1.086595990934007429e+07 1.082048178080390394e+07 1.066536579070183262e+07 1.075577688709479943e+07 1.070603342646837234e+07 1.003438010192237049e+07
8.702898160375325009e+06 8.147154971384339035e+06 8.894947789538303390e+06 1.023222289058815874e+07 1.096364107898914069e+07 1.082719741158272699e+07 1.059769531083273888e+07 1.076388416283974051e+07 1.078485554443546943e+07 9.973506387716626748e+06
8.086993654701053165e+06 7.362779888760060072e+06 8.316595232944608666e+06 1.001330591605883092e+07 1.088036685430175439e+07 1.060623853792583011e+07 1.027382507684973069e+07 1.055041247155995294e+07 1.068485740607839264e+07 9.709761475694024935e+06
7.145663635417980142e+06 6.206176821583770216e+06 7.417990378547003493e+06 9.564420867181347683e+06 1.058443390007940307e+07 1.010900962361467071e+07 9.636406869999472052e+06 1.006980432523550652e+07 1.037662756353020854e+07 9.211440765015335754e+06
5.834001987459454685e+06 4.622299758291480131e+06 6.153974779489230365e+06 8.858917509083967656e+06 1.004853610504006222e+07 9.287157443116532639e+06 8.626657468264469877e+06 9.277696100321704522e+06 9.835924146243523806e+06 8.452511029422607273e+06
4.116392570609796327e+06 2.565036142651539762e+06 4.488094555560017005e+06 7.880173648398661986e+06 9.254134239834850654e+06 8.096835842514901422e+06 7.188911393508264795e+06 8.135309889114303514e+06 9.048099551115324721e+06 7.417380221164555289e+06
1.974445927115997067e+06 6.417894401472897152e+04 2.399961771142104175e+06 6.627431962832325138e+06 8.196935525829683058e+06 6.504710017792441882e+06 5.277457570961548015e+06 6.615511420588218607e+06 8.013523794644201174e+06 6.106754472528973594e+06
5.938627119499159744e+05 3.058205398634700570e+06 1.130078114099827944e+05 5.122494496503147297e+06 6.893257804227373563e+06 4.495914494223793969e+06 2.866458227725700941e+06 4.710718393898312934e+06 6.753698932176800445e+06 4.544279846427362412e+06
3.521981801391259301e+06 6.576924845785508864e+06 2.988766615549948066e+06 3.416627462899148930e+06 5.386701882197341882e+06 2.084083627783485921e+06 1.246989013654117734e+05 2.443153532198152039e+06 5.317380490661280230e+06 2.783334999106340576e+06
6.732291251909263432e+06 1.044716270887584053e+07 6.158234493220446631e+06 1.596505996364604216e+06 3.754055379811664112e+06 6.809832725444727112e+05 3.391915626604173798e+06 2.045228221988828154e+05 3.785508164875256363e+06 9.139714429025779245e+05
1.006400609705546498e+07 1.448222608913475648e+07 9.466128814349733293e+06 2.128753672480618116e+05 2.108713557649009861e+06 3.686815312821785919e+06 7.057802147287818603e+06 2.907465535555847920e+06 2.273152240253889468e+06 9.499026752209640108e+05
1.329010189823111333e+07 1.839681782609636709e+07 1.269528120991825499e+07 1.849358212257738924e+06 5.992039474160504760e+05 6.771972305421202444e+06 1.083548980173694901e+07 5.699449037263512611e+06 9.264791228381597903e+05 2.628560458138739690e+06
1.611183325484374352e+07 2.179352485255074874e+07 1.555844962296733446e+07 3.126054305080066435e+06 6.002190666065433761e+05 9.698744124487677589e+06 1.440938747119355202e+07 8.290549653446649201e+06 1.193201109124652867e+05 3.950807994346735533e+06
1.816884427531891689e+07 2.416045138157487288e+07 1.770763359772197902e+07 3.851655268210717943e+06 1.309894386764624389e+06 1.216392025580097735e+07 1.734578867533404753e+07 1.039856377182539925e+07 6.342234900691686198e+05 4.733049098938360810e+06
1.906693319482904673e+07 2.488835003509655595e+07 1.876008313544689119e+07 3.866772362653396558e+06 1.378641839739333838e+06 1.381362778109157458e+07 1.909702110485788062e+07 1.171261664573329687e+07 5.649669646814047592e+05 4.829972140482413583e+06
1.842845272870077938e+07 2.331746398637881130e+07 1.834579253427153081e+07 3.092224635957633611e+06 7.317043380466406234e+05 1.427959010464135744e+07 1.904087783962479234e+07 1.193928847641151398e+07 1.556252548324911331e+05 4.180633771277215332e+06
1.596760258785996772e+07 1.882461065800125897e+07 1.617863965667909943e+07 1.585432873214051360e+06 5.946047079970410559e+05 1.324181888049398176e+07 1.660618347884629481e+07 1.088419098241961934e+07 1.369182415446838131e+06 2.859921451836462598e+06
1.158704825679034553e+07 1.096088243539231457e+07 1.214758509878073260e+07 4.433355654471030575e+05 2.337750215297206305e+06 1.052615703228615969e+07 1.176833775734645687e+07 8.606425782128097489e+06 2.837132394841490313e+06 1.125702064189646393e+06
5.488770065268046223e+06 9.783952566906912252e+05 6.415786875969210640e+06 2.479672625985615887e+06 4.084749542192044668e+06 6.292901251982099377e+06 8.609360790198953822e+06 5.872818519289943390e+06 4.099684966810072772e+06 6.974582773055960424e+05
1.976675109542919323e+06 1.491792843131452054e+07 6.258507933997903019e+05 3.964989975994124543e+06 5.230684108985757455e+06 2.732499965499259531e+06 1.741290008026529476e+07 5.470560686380190775e+06 4.642667392942207865e+06 1.887269218277766835e+06
9.434130733891932294e+06 3.129857236575505510e+07 7.773034848602835089e+06 4.218303455247097649e+06 5.130871740930078551e+06 7.159798175061592832e+06 3.284038918651651591e+07 8.568544734496824443e+06 4.217085571885957383e+06 2.069293200210984563e+06
1.603885990239147097e+07 4.777536939510872960e+07 1.416214411256585643e+07 2.726793118189879227e+06 3.358449751527582295e+06 1.285318143766851164e+07 5.014143867403724790e+07 1.188203163275001198e+07 3.949330662491146009e+06 1.019712475480725174e+06
2.052499583633736521e+07 6.195220096196820587e+07 1.847783140815011412e+07 6.588778028643062571e+05 1.432918627296905266e+06 1.690895018345169351e+07 6.592883346463753283e+07 1.338417768371693976e+07 6.404013535315972753e+06 1.080635060812249314e+06
2.212211482813315094e+07 7.150612968648688495e+07 1.978060917978334799e+07 5.341035360560099594e+06 5.468667596122500487e+06 1.804765552901448682e+07 7.614143458044508100e+07 1.210486819512349740e+07 1.032918627843452059e+07 2.916460828878796659e+06
2.092029202328739688e+07 7.521025977042262256e+07 1.781540502548156306e+07 1.040330164716988988e+07 9.722641712946556509e+06 1.572473116814551502e+07 7.632461021764238179e+07 8.055010072813582607e+06 1.301520124329155311e+07 2.949095640800474677e+06
1.799038086709597334e+07 7.405728079470564425e+07 1.327676812551884353e+07 1.493566371972791106e+07 1.165062739661481790e+07 1.054267746591732837e+07 6.274123106566107273e+07 2.488068636793590151e+06 1.216962104433838837e+07 6.133588719485290349e+05
1.462707390889467299e+07 7.105449085535971820e+07 7.722966554424084723e+06 1.944208644373391941e+07 9.646040984818946570e+06 4.458827313763475046e+06 3.412399256874629110e+07 2.173683905235633720e+06 6.583365848731123842e+06 8.493050658230854198e+06
1.090734556215302460e+07 6.748661078473877907e+07 3.017944864301959984e+06 2.622491048890556023e+07 3.774555611335054971e+06 3.914998940437398269e+05 6.377117851645272225e+06 3.105682132009440567e+06 2.713376178214311600e+06 1.938539424667290226e+07
6.006693472055006772e+06 5.854529776652047783e+07 1.070949595590809593e+06 3.629768824718903750e+07 3.794527495867196936e+06 9.444053991187958745e+05 4.947829435625766218e+07 1.411827527274858439e+06 1.180827825131077692e+07 2.942526919127914682e+07
8.087232376506710425e+05 3.656342056179489195e+07 1.851289961406738963e+06 4.676169233524367958e+07 7.689320261896635406e+06 6.656720203204827383e+06 8.093682743645358086e+07 9.989020190923228860e+06 1.523344305656761490e+07 3.358066055081095546e+07
1.955380337935355958e+06 6.382358031746724620e+06 1.962960601511924528e+06 5.245629761041072011e+07 3.601810312303342391e+06 1.444521070445071161e+07 8.556079816970936954e+07 1.784078203161326051e+07 9.436904266570130363e+06 2.888209254119888321e+07
1.722670355330585968e+06 4.358567477807656676e+07 1.924179940934528364e+06 4.871713875713605434e+07 9.397753214898511767e+06 1.815135430935861543e+07 5.924505987558382004e+07 1.875409165666238591e+07 3.744954461876014713e+06 1.795313548242798448e+07
1.081500834017471038e+07 6.733348744226893783e+07 4.289386148275344633e+06 3.420391929101812840e+07 2.569029537458709255e+07 1.229671614204169251e+07 5.406682879746320844e+07 1.378501640287386253e+07 1.288704193945995346e+07 8.914853946483597159e+06
1.772890250318536907e+07 5.009291801267116517e+07 5.837375267354276031e+06 1.363685374859599955e+07 3.504863587029239535e+07 6.809263132928017527e+06 1.076136196838575006e+08 2.252916576508745179e+07 9.220690155281255022e+06 4.001746346709475387e+06
1.149234355119609646e+07 1.431288475442487933e+07 3.401429753336688038e+06 2.721915120842479635e+06 3.110063529682074860e+07 2.158171777842188999e+07 1.304262049495955855e+08 3.342447663105013222e+07 1.580131563592159748e+07 4.594110299009596929e+06
1.224262046132064983e+07 8.913593038050048053e+07 8.612444374040175229e+06 4.760668567222809419e+06 2.729300466326310113e+07 2.479140307236506417e+07 7.741695987449301779e+07 2.790354993699913099e+07 3.592685372439127415e+07 8.434344913233198225e+06
4.276566774903901666e+07 1.218590441963562071e+08 3.123402798290459067e+07 3.483248322322376538e+06 3.973107419497428834e+07 1.058358901547151059e+07 4.246565804876869917e+07 9.227253727760227397e+06 3.774724897692437470e+07 3.148831374808311928e+06
6.086582581280447543e+07 7.778879491733345389e+07 6.144927517438291013e+07 6.072842561396445148e+06 4.096059172846268862e+07 8.318929439538120292e+06 1.561702230523639917e+08 1.617014988344812300e+06 1.969194973878211528e+07 1.232399707463186700e+06
5.749140750673562288e+07 3.603862796759837866e+07 7.785289548130285740e+07 5.819067436984415166e+06 2.073339047912731394e+07 1.267977490306969918e+07 1.701284191372286975e+08 7.614291747328955680e+06 3.831471687866860535e+06 1.328719980016364716e+07
3.984994478565465659e+07 5.386815978344824165e+07 6.208929246163174510e+07 2.003596539721016586e+07 1.135028296823885757e+06 2.989610250015536323e+06 9.874410743942102790e+07 1.641081093905341066e+07 1.428642656178616453e+06 4.373721666000994295e+07
1.161360714518507756e+07 1.962299972411604971e+07 2.350279497465929016e+07 4.143807859615948051e+07 6.399521840749301948e+06 5.380188929449653253e+06 1.500180670629199743e+08 4.167307708495146781e+07 1.451401977783726994e+06 6.531421481401710212e+07
2.638412417185722291e+07 8.617519283016592264e+07 1.931347352841720358e+07 5.559930476536435634e+07 2.018413155232102424e+07 2.087597322606520727e+07 1.033036531469548494e+08 8.725572029881271720e+07 1.338525257311240025e+07 6.449571991111866385e+07
3.402506988566836715e+07 8.480287029421204701e+06 3.633555794151125103e+07 3.969769727446607500e+07 1.417797133133120090e+07 1.447450936552631669e+07 1.231289115272635818e+08 4.325817292245561630e+07 1.207601267398890294e+07 4.130070057485628873e+07
3.014306229309385642e+07 1.316924032911141217e+08 9.569861758267939091e+06 1.259405231213041209e+07 6.323935205887245014e+06 3.550838131330153346e+07 2.454134382375646532e+08 1.019351870341318250e+08 6.398763824813934043e+06 1.851313845395809971e+06
1.058584024773806334e+08 9.944778882672570646e+07 5.956605464797048271e+07 4.698732350657744333e+06 1.030593112438388541e+07 6.578438080142613500e+07 6.555337174253050983e+07 1.954435426713949144e+08 7.163075385240381584e+06 1.883372678149802610e+07
8.127355219553510845e+07 8.351904965010587871e+07 3.658261017813736200e+07 1.013858059577941336e+07 5.632100275171065703e+06 5.716376235704711080e+07 1.579923961117878258e+08 1.775586418456774652e+08 3.107623528181943111e+06 3.208442291498826351e+06
1.298328174944510311e+07 1.942065210797183588e+07 4.424881960823937319e+06 1.253196451592899673e+07 2.298277727000695840e+07 4.920037960191756487e+07 3.518255842567769438e+07 9.048021917970590293e+07 2.920804003609481826e+07 1.631381877463561110e+07
6.559834802496206015e+06 1.005494911154998988e+08 3.899108841774518602e+06 6.958283219637535512e+07 1.093063418617652729e+07 1.923980966357652470e+07 2.785005625936611891e+08 1.946111611171046272e+07 5.197316538730058074e+07 4.529397764548835158e+07
1.081453308632786386e+06 8.314862541392713785e+07 1.069664228976774588e+07 1.215916664968654215e+08 8.089740995845484547e+06 4.930185502411533147e+07 5.269521362055866420e+07 4.286042074377567507e+06 2.061203111263408884e+07 3.180159420262820274e+07
2.351119563727359101e+07 4.820814719459951669e+07 5.408305739196719974e+07 5.065880736014959961e+07 3.536454674459992442e+06 2.784520390128301457e+07 1.490513124022290707e+08 1.160609487134518288e+07 1.779443904582240060e+07 8.823005345311164856e+06
3.626077022882681340e+07 1.273012780635904223e+08 1.351682962682547569e+08 3.134544610773647670e+06 1.862104569255976751e+07 1.047109118855967373e+07 1.822791350801318586e+08 5.375271258870365098e+06 1.008329536536357179e+07 4.546729556610969827e+06
1.411904943630921468e+07 1.381806153364655674e+08 3.713057834229689837e+07 1.310326212219439819e+07 1.292029840714270808e+07 4.551124119719841518e+06 2.123414119523401856e+08 2.261729433441935852e+07 1.411537896982399188e+07 3.548969425215117168e+06
6.354741238329792395e+06 9.369524655441509187e+07 5.189822444384453446e+07 3.717827360602795333e+07 1.001067837285175920e+07 1.634306376773488149e+07 1.744121676635994017e+08 4.991853193277838826e+07 2.673649124457795545e+07 6.355993066599439085e+07
8.617273509227131307e+07 9.171129043982717395e+07 3.458955608574724942e+07 6.222384041608355939e+07 3.068097555246394873e+07 6.994715136830773205e+06 4.122035093322189152e+07 5.155034461258098483e+06 8.975640101852627471e+06 9.302337231611384451e+07
7.932069707606707513e+07 5.389584573168645799e+07 3.633852137973900139e+07 7.535058919518062845e+06 4.037871262990952283e+07 1.611500989660735428e+07 3.844730880106558800e+08 3.507229889140986651e+07 3.885681525407158583e+07 2.267788383838161081e+07
3.187004482992382348e+07 8.143632446085324883e+07 2.198662827540447470e+06 3.864770308883158956e+06 7.512746084865699522e+06 5.168507776072953828e+06 1.806508506377865374e+08 6.438779674339864403e+07 1.751185200934668630e+07 7.307855897630540654e+06
1.560867640979166143e+07 1.095587093516630679e+08 9.701412007966350764e+06 5.419984595630158484e+07 1.567408375139362551e+07 6.504635828689444065e+07 2.804136662536391020e+08 1.060070101616584361e+08 5.305364888106730767e+06 1.975391916061444208e+07
3.469443230518707074e+06 4.080127292060505599e+07 7.335605350641356409e+07 1.213872006606649049e+07 3.844547490911148489e+07 3.435694917113369703e+07 2.316026928258341253e+08 7.972181306313104928e+07 1.577554681448785961e+07 1.446597036298697814e+07
2.000292411583364755e+07 1.421846660663437657e+07 4.604406554591255635e+07 5.783036847980614752e+06 3.162506232310009003e+07 9.693477361304484308e+07 3.224302857787665129e+08 5.193004200407392532e+07 1.813476157210563868e+07 1.714941604138441756e+07
9.706748915334144235e+07 1.973365480979166329e+08 1.183521689504991174e+08 3.888098567829971015e+07 1.254360066640476286e+08 4.102208656050121039e+07 3.666131929187276959e+08 2.075125990451907739e+07 3.877541960167022422e+06 3.505223772340496629e+07
2.876989461014389992e+07 2.221298635397052169e+08 3.553807659096899629e+07 7.228606528448069096e+07 3.634862659873242024e+06 5.521137522474818677e+07 3.088332888510923982e+08 2.336857811389601976e+07 3.237451726872521266e+07 2.405219904141851887e+07
3.395920032961216569e+07 1.372526301002023220e+08 1.086358715872457996e+07 7.313724182946636342e+06 3.842322971320679784e+07 1.348477466845093062e+06 5.921312439873250723e+08 2.494671059130482748e+07 6.571449698593175411e+07 1.354771005502243713e+07
2.351265692218194529e+07 2.480042829677822888e+08 7.871522608411037922e+07 4.107338148726794869e+07 2.171635731825197861e+07 5.847902122611423582e+07 2.609693624894545674e+08 8.613767160628761351e+07 1.127553522868109196e+08 6.195819486423417926e+07
1.828769737145954743e+07 2.257658643051136136e+08 6.463068433959106356e+07 3.687472954324085265e+07 4.019928147054395825e+07 1.323421380591582507e+07 7.309153781424444914e+07 3.192068837867337093e+07 3.494388823199490458e+07 3.068149480289097503e+07
9.398800368585777283e+07 2.405491777695397735e+08 2.063351261487594843e+08 1.618822969534192793e+07 8.354982586174006574e+06 6.579096867132417113e+07 2.168272063750343919e+08 7.173470645094987750e+07 1.410368677635804005e+07 1.489419054382837936e+07
2.626280291932239756e+07 8.759778829333533347e+07 1.424306152080714889e+07 6.583207651122286916e+07 1.088117105232583731e+08 1.238080679715368450e+08 1.868104001523582935e+08 3.142608700141952187e+07 3.700999125106829405e+07 1.819897175849468634e+07
3.002698019971694425e+07 5.683385968175243586e+07 1.261600206231963485e+08 4.619623157373557985e+07 8.210252302221663296e+07 3.358946455205223709e+07 2.767982934195759892e+08 4.442029771301599592e+07 1.820814292489720508e+07 4.499493876012223214e+07
3.188600881760002300e+07 1.854035120728271008e+08 7.365416676601251960e+07 1.181286304996994585e+08 7.680613087545829825e+06 9.380082917649017647e+06 4.046242405831460953e+08 1.271995227937440202e+07 4.883569902635392547e+07 4.939327622421363741e+07
2.579627112442306802e+07 3.093469843393260837e+08 5.452096912702931464e+07 2.561739561287453398e+07 5.132379613069947809e+07 9.992538357526510954e+06 2.520543780915523469e+08 9.207883056343803182e+06 2.305103197025527060e+07 5.458446607301450521e+07
2.699766023050907627e+07 1.438885644061563015e+08 1.274790202131349295e+08 2.931013853948887810e+07 3.532860184121155739e+07 2.219769344976664707e+07 1.846227781068688631e+08 5.939365550540949404e+07 8.293063527055106126e+06 2.910074406657427177e+07
3.058589647784921899e+07 1.197380983885436803e+08 1.351469010872075856e+08 7.260367594449476898e+07 3.302085153032424301e+07 5.545205749643994868e+07 1.472894063928892612e+08 1.801757594119284675e+07 1.633674100779041648e+07 2.661116164840176702e+07
2.211150313891188055e+07 2.730894743129156232e+08 2.088739865373495966e+07 2.404220566837352514e+07 2.011070503570010886e+07 2.374401723665960506e+07 2.820914986025094390e+08 8.228775291387679987e+06 1.292506067503870837e+07 5.439806974762087315e+07
2.362576208594834805e+07 9.575004233585837483e+07 1.927595552063876390e+07 2.579282304526764527e+07 1.137246277300313860e+08 4.548727780142362416e+07 2.281452606254962385e+08 8.911796232727542520e+06 4.884778967465765774e+06 6.365258079087265581e+07
6.196486196391342208e+06 1.128804056078430414e+08 7.880244521958544850e+07 1.401765280559614599e+08 1.360528410569804534e+07 8.707783694740727544e+07 1.287637432194853425e+08 1.063927702940316312e+07 1.298672908850375190e+07 1.667317694865351729e+07
4.611774339413195103e+07 2.059812719701508880e+08 2.335036862239388749e+07 2.808380055326907709e+07 1.102198422859051973e+08 1.633912314489620924e+08 2.884626770587264895e+08 9.091281230973953381e+06 1.059260904568161070e+07 2.947029447520819679e+07
1.547636239254781231e+07 1.902873776501012444e+08 6.522415021698047966e+07 8.397813697656692564e+07 8.770156506299514323e+06 4.392737810358867981e+06 2.321591356881654859e+08 1.106814726151286215e+08 1.290477058844444752e+08 8.817226835455954075e+07
5.129284377810236812e+07 1.114378827379409224e+08 8.726431980754412711e+07 1.150394363854563609e+07 2.442765659939628541e+08 1.510842851395977661e+07 5.288119885649398714e+07 2.035944132814601436e+07 4.986013696600708365e+07 6.920821432471929491e+07
1.504861680671963096e+08 5.667768869290658832e+07 3.017128612986273691e+07 1.976410288656866178e+07 9.292694829819437116e+06 1.366953323092780821e+07 3.716871519504927099e+07 3.118161883441535383e+07 8.806824754191787541e+07 4.952859120093867928e+07
5.069461896187069826e+06 4.961806458705031872e+07 3.468931163318291306e+07 1.440048854557237960e+07 4.047330214612257481e+07 1.694010504656026512e+07 1.656223316215667874e+07 7.026191834894923866e+07 4.753221971414632350e+07 2.961444153081445955e+06
1.793998536917442381e+08 5.571341067829276621e+07 4.742323598677119613e+07 1.849564182898362353e+07 3.417780436672271788e+07 1.614446851373026334e+07 8.104821658443626761e+07 1.283008540146273188e+07 1.642976264597428776e+07 5.520094173456484079e+07
4.567480609346719086e+07 2.285194162252258882e+07 5.297428787137982249e+07 2.541862409594492242e+07 1.835991580000729263e+08 3.024685855352169648e+07 1.406417706437503994e+08 9.158943757964369655e+07 2.756321102658005059e+07 7.206646088026681542e+07
2.129269859895729646e+07 1.140866619935797527e+07 2.521295112016347423e+07 3.262442899299389869e+07 6.093660739956356585e+07 1.638552412046273239e+07 1.652852215201827288e+08 2.216093530816932768e+07 3.186603119984221831e+07 1.843054721173537672e+08
1.456801781358487904e+08 8.053148487576939166e+07 6.342049597913898528e+07 7.748915801086717844e+07 5.362493107713282108e+07 4.109398440363320708e+07 3.076512821854277253e+08 5.538881598114635795e+06 5.769980285202220827e+07 4.889146578465498239e+07
4.227108514397963136e+07 7.857665738233174384e+07 8.541602394292211160e+06 7.719603119514070451e+07 4.395138610543285310e+07 1.297000367497636192e+07 2.836448589383017421e+08 2.602726764539520442e+07 1.332709020608064085e+08 7.034506951348945498e+07
6.951142501776877791e+06 8.684405054038104415e+07 2.384267337430930883e+07 1.936940735035822168e+07 1.037822609568978548e+08 1.148328741293464899e+08 2.764457040043292642e+08 6.828786270116586983e+07 7.220947205707038939e+07 1.309436457969054431e+08
