5.885183324240286835e+06 6.609900602167927660e+06 7.851611453582260758e+06 9.037064657369654626e+06 9.688786488307742402e+06 9.625205666314035654e+06 8.897714182449685410e+06 7.759350570303527638e+06 6.639534733890906908e+06 5.932613103823674843e+06
5.578229026765789837e+06 6.403118489055265673e+06 7.881485670018848032e+06 9.289914094472941011e+06 1.004947768480330333e+07 9.970453079592857510e+06 9.123378144332263619e+06 7.797547135669088922e+06 6.502068837531331927e+06 5.676510099297108129e+06
5.106352520899356343e+06 6.013847334642070346e+06 7.763506473844505847e+06 9.425427971939919516e+06 1.029716035025667585e+07 1.019621452964486182e+07 9.221727949805473909e+06 7.698873998926052824e+06 6.232871665921254084e+06 5.293536040758484975e+06
4.477803701272874139e+06 5.413978712329535745e+06 7.472752623197350651e+06 9.419506553064402193e+06 1.039960052226494625e+07 1.026553742287932336e+07 9.160411223649850115e+06 7.442114425521058962e+06 5.839091596026455984e+06 4.820461348578568548e+06
3.755796119183215778e+06 4.580567160628097132e+06 6.991517685591864400e+06 9.254573118053015321e+06 1.032501129652695544e+07 1.013783985828263871e+07 8.905766676996516064e+06 7.012478297090331092e+06 5.361039092902945355e+06 4.363954165026500821e+06
3.143626777363536414e+06 3.501531714844217990e+06 6.319011849150062539e+06 8.928925167291682214e+06 1.004777778744338825e+07 9.770898193279033527e+06 8.424939744446445256e+06 6.408073274177286774e+06 4.899876201294363476e+06 4.146157358958084602e+06
3.084780098976364359e+06 2.188333261574432254e+06 5.491117488139037043e+06 8.473410267386859283e+06 9.559712324515063316e+06 9.124661870005382225e+06 7.688942499320578761e+06 5.650654950355491601e+06 4.645010903011240996e+06 4.458531204219412990e+06
3.912723693688258063e+06 7.833268166547459550e+05 4.623600380270413123e+06 7.979131042050931603e+06 8.892266608533786610e+06 8.168664145812080242e+06 6.676836969450509176e+06 4.804458885133866221e+06 4.830627957139481790e+06 5.421223465306014754e+06
5.392898321696345694e+06 1.336205640235318802e+06 3.992810886592909694e+06 7.632103928943126462e+06 8.159331291469311342e+06 6.898303705831750296e+06 5.381386475404051133e+06 4.008069314117812552e+06 5.557609354287608527e+06 6.882948928521875292e+06
7.155697799837777391e+06 3.107523480370433070e+06 4.029251433889184613e+06 7.712845068929816596e+06 7.624370681131049059e+06 5.380345262041612528e+06 3.817979136435663328e+06 3.499368966149204411e+06 6.690587808449166827e+06 8.591814755835143849e+06
8.914574284660536796e+06 4.895403892306219786e+06 4.886945630621653050e+06 8.473764759814115241e+06 7.721376504197501577e+06 3.920560088559669908e+06 2.054718298225856386e+06 3.498190083365958650e+06 7.969489266800457612e+06 1.029011266556026787e+07
1.040735655598795041e+07 6.479854652792869136e+06 6.218342726537357084e+06 9.946252955877602100e+06 8.828105528663832694e+06 3.537166820386552718e+06 8.006290398899288848e+05 3.911187154283897951e+06 9.111248728890899569e+06 1.171079935449597239e+07
1.136164127186296694e+07 7.636856471080535091e+06 7.583193221058915369e+06 1.191794679261413775e+07 1.093016784074688517e+07 5.117060192153582349e+06 2.414351687840399798e+06 4.368587153940821066e+06 9.831545802524348721e+06 1.256850834001334943e+07
1.150299883321833238e+07 8.122976571833172813e+06 8.609353709236912429e+06 1.405294037064467929e+07 1.369357460102821141e+07 7.793659099029045552e+06 4.509031949935718440e+06 4.502018863901282661e+06 9.852990982544496655e+06 1.257179371302229166e+07
1.060208244549946673e+07 7.704721018455230631e+06 8.962694141689378768e+06 1.596559818152575381e+07 1.669811532777371071e+07 1.081333485036017001e+07 6.551619249408739619e+06 4.049925603110381868e+06 8.933360243624612689e+06 1.146183959565598331e+07
8.594170826611939818e+06 6.213586647201535292e+06 8.341146374302783050e+06 1.723806832589661330e+07 1.950076459664164484e+07 1.377543929413266294e+07 8.429322664014570415e+06 2.982775758221954573e+06 6.926557081438713707e+06 9.088082892690323293e+06
6.004020719859743491e+06 3.652501780214146711e+06 6.511293137010643259e+06 1.743714474839190766e+07 2.162418827610665932e+07 1.635312090096451528e+07 1.010616246740736999e+07 2.398600555186062586e+06 3.940083662631576881e+06 5.598917688634199090e+06
5.588407749676771462e+06 1.344003317550044972e+06 3.383028081987170968e+06 1.616121705481638387e+07 2.256422359380732104e+07 1.823189996749036759e+07 1.162324608980835974e+07 4.617349119412382133e+06 2.114306612306262366e+06 3.008702059736547060e+06
9.563871108944570646e+06 4.656204498922503553e+06 1.146022956805303227e+06 1.314282875498155504e+07 2.184903783693880588e+07 1.912517746309337020e+07 1.306813231642414257e+07 8.368770319554215297e+06 5.758097977540898137e+06 6.625655677868375555e+06
1.503803247680369951e+07 8.572180048695789650e+06 6.177228156649284996e+06 8.528579056352453306e+06 1.919550125188987330e+07 1.882006567356886342e+07 1.447329456955518760e+07 1.240218928045051359e+07 9.911013087457954884e+06 1.171779935963569395e+07
2.008263369267181680e+07 1.130197997500493005e+07 1.135888960140711814e+07 4.876945893798991106e+06 1.495568724629117176e+07 1.723760211903913319e+07 1.568031761757741123e+07 1.579239367876381986e+07 1.280473033238745667e+07 1.574653120805044472e+07
2.358087772209841758e+07 1.167019731434960663e+07 1.557347161308689415e+07 9.565708992062475532e+06 1.173388409074140340e+07 1.449666994236120954e+07 1.627828129336860776e+07 1.758810164603727311e+07 1.337576254138797149e+07 1.752773030425165221e+07
2.496320168080434576e+07 8.943314270329462364e+06 1.773109426239793375e+07 1.715479742030263692e+07 1.525187531309825741e+07 1.099138431294387020e+07 1.569697294990495406e+07 1.698240629980621114e+07 1.120719715732329525e+07 1.652376676343807578e+07
2.440809858198277280e+07 5.412361142590435222e+06 1.718069047428194433e+07 2.355054884593478218e+07 2.418451573392725363e+07 7.619706408291882835e+06 1.344557169390891120e+07 1.365490035533227213e+07 8.149747260626845062e+06 1.346053967675961927e+07
2.263763130727358162e+07 1.178864560308236815e+07 1.472253560666358843e+07 2.659234707493987307e+07 3.356040989421362430e+07 6.454616319368803874e+06 9.459718811947278678e+06 8.203306133717456833e+06 1.060462621155049466e+07 1.086636720485254191e+07
1.986612596770523489e+07 2.269099307292658091e+07 1.403621531902787834e+07 2.468558644029085338e+07 3.993966772067373246e+07 8.862752761718742549e+06 4.853111935125225224e+06 3.323099836582516320e+06 1.706252862822552025e+07 1.032342195937780105e+07
1.537973632735292986e+07 3.202771006478225067e+07 1.773889980703024566e+07 1.765284874599999934e+07 4.052327814803595096e+07 1.279885658482932672e+07 5.247460735779409297e+06 5.184629914847151376e+06 2.113902188679103181e+07 8.402045510734559968e+06
1.228482241112944856e+07 3.614281208713249117e+07 2.114800990176678449e+07 1.027208527366125025e+07 3.342833620125518367e+07 1.657808371977910027e+07 9.788874190052056685e+06 6.368450251030668616e+06 1.958611878991761059e+07 7.561001230643921532e+06
2.058355540832645074e+07 3.303993399888661131e+07 1.870484456922114640e+07 1.634996467049745284e+07 1.870935568472624943e+07 1.897583818924552202e+07 1.331440804843420722e+07 3.541191904726855457e+06 1.256099239669431932e+07 2.083712983604205772e+07
3.236069354005488008e+07 2.363856532988471538e+07 7.937817407149975188e+06 2.540352077838076651e+07 6.095940252375266515e+06 1.886103119961765409e+07 1.507308518222661316e+07 3.512179061040877830e+06 4.873091779836815782e+06 3.714540401739262789e+07
3.560192500822451711e+07 1.323556936408482306e+07 9.371542430099895224e+06 2.630405216528728977e+07 2.400120238842137530e+07 1.582122363839276694e+07 1.505347217623936199e+07 8.145940407903928310e+06 2.611260897394244559e+06 4.506646101263841242e+07
2.528238964612760767e+07 1.484372487394180335e+07 2.625863835714026168e+07 1.598521810365009494e+07 3.769395551019348949e+07 1.106769561617844179e+07 1.287022375517731905e+07 7.696635803338159807e+06 9.745114696757659316e+06 3.646637458211120218e+07
2.184490677063777298e+07 2.322033485087340698e+07 3.416122668200065196e+07 9.838628922753749415e+06 3.897114960289079696e+07 7.406906519315426238e+06 9.479637368218732998e+06 3.550625098426583689e+06 2.871612505561825633e+07 1.657053705547716841e+07
4.045850962020271271e+07 2.297471120688660443e+07 2.790890287432694435e+07 2.708040668056785688e+07 2.703185074895365536e+07 6.319836113962502219e+06 9.128531787204461172e+06 1.112320755309235863e+07 4.415449474728540331e+07 2.488316398305512592e+07
4.251896249423763156e+07 5.255705222572587430e+06 1.167325911807971634e+07 3.357801294923134893e+07 1.249810763486669399e+07 8.743968770735973492e+06 9.639301621167954057e+06 1.546836368411844037e+07 3.939865255534336716e+07 3.252095333421945199e+07
1.895390869108599052e+07 2.740075320533804595e+07 9.165905024872193113e+06 2.125631461588941514e+07 1.852186238863134384e+07 1.475539865444749407e+07 1.126215702806003392e+07 1.257906440217158943e+07 1.962069483892515674e+07 1.821163675893324614e+07
1.053242243108268455e+07 5.271905328054223210e+07 1.434550481922793202e+07 8.257733529923520982e+06 2.290287176654306427e+07 1.949196207379265502e+07 1.901299258187340572e+07 1.840602273520607874e+07 3.288162775955690444e+07 1.457503361990015581e+07
2.815135637768376619e+07 4.618776462765675783e+07 7.490632645753011107e+06 1.976524106024175510e+07 2.329268699160897732e+07 2.195892703539555147e+07 1.843844360220606625e+07 3.108333149916683510e+07 2.829268911362113059e+07 9.411174593679809943e+06
6.246168317647682130e+07 2.175516263708746433e+07 1.116895185235982202e+07 9.488464404671391472e+06 2.408063154009991512e+07 2.379785960206225142e+07 1.018877557797055691e+07 3.565891313396827132e+07 1.378881886655870825e+07 2.145974774735567719e+07
8.020705781882020831e+07 2.059446782417066023e+07 3.031611153242003918e+07 2.030868543826698884e+07 6.390408320618294179e+06 2.030058113098991290e+07 2.077741759167741239e+07 2.556360123038430139e+07 3.825655130754186958e+07 2.937423366386531666e+07
4.273746611947088689e+07 3.386231875501574576e+07 2.461563157232275233e+07 2.542963496646268666e+07 3.123003014596938714e+07 1.590263247538798861e+07 1.286019613888075389e+07 9.262125621460681781e+06 1.654835093347535841e+07 1.923094515627849475e+07
1.192525622768755630e+07 6.458518792049884796e+07 9.626810901173504069e+06 1.259062498837337643e+07 5.492962282673282921e+07 2.257096901257023215e+07 3.052556870014870912e+07 1.626235605481418967e+07 1.879318791620371118e+07 2.370766447336040810e+07
3.432545313163197786e+07 3.172322197754903883e+07 2.247688948668623343e+07 3.960839613227780908e+07 3.137872367792201787e+07 2.900102206442106143e+07 5.907890887556995451e+07 4.392323541417678446e+07 8.117764955045963638e+06 2.791896464814687520e+07
3.234471855709652975e+07 2.327290523359283060e+07 1.078471998127046600e+07 1.862834251725808531e+07 2.228317480826580152e+07 2.739766550444440171e+07 6.303495614839919657e+07 3.362614645480892807e+07 3.145825067156778648e+07 3.586055990901403129e+07
7.207318072712883353e+07 1.680408223608203605e+07 9.320721732865704224e+06 3.629978539742912352e+07 3.134056829250393435e+07 2.680726867669671401e+07 2.391006652086229995e+07 2.480078192172538489e+06 1.690548783757707477e+07 4.758365013117808104e+07
6.878121536515469849e+07 2.154754999692567438e+07 5.735821425232981145e+07 1.545679376451054774e+07 1.845104816828032210e+07 4.783070411828897893e+07 3.060156052183364332e+07 2.398806866564683989e+07 2.617772255915889889e+07 4.166277258643934131e+07
1.812986434769101068e+07 4.581769435656130314e+07 4.489744905854508281e+07 3.988967836847747117e+07 4.060045567301150411e+07 3.885482690319320560e+07 2.635180431692835316e+07 4.042259045840027928e+07 3.188718111060691997e+07 3.367713463510477543e+07
1.469751122135600261e+07 1.328249147812754288e+07 2.684839322237860039e+07 1.491169831033973768e+07 1.482054863822774403e+07 2.601293466259665415e+07 6.026822168033103459e+06 2.578240517483705655e+07 5.596853722168308683e+06 6.080265685467848927e+07
5.987014961659084260e+07 4.075542774417847395e+07 4.498604128991417587e+07 3.301259744273967296e+07 1.290589184915638715e+07 7.847723044616161287e+07 5.585027203402024694e+06 1.631053883219461888e+07 1.799570010383740067e+07 2.904808312517199293e+07
7.362491893028151989e+07 4.612886012474936247e+07 4.776892162949271500e+07 2.588797787818398699e+07 4.189529748658322543e+07 3.657741851311071217e+07 7.844316101944361813e+06 9.519535427477680147e+06 1.843872014282441884e+07 5.959972606905256957e+07
4.082867007866454124e+07 1.410408741465917416e+07 4.350931832105519623e+07 1.004132552032245696e+07 2.705600882483317517e+06 4.035134666467593610e+07 4.028567942484936118e+07 1.677020979222890362e+07 5.494243219209809601e+07 7.309863741396640241e+07
5.053492460214865953e+07 5.123614811672774702e+07 5.442306838450236619e+07 3.229262609350553527e+07 3.972569010426624119e+07 6.540666727440136671e+07 3.275520091893800721e+07 3.914080034880893677e+07 2.601415717065979913e+07 4.589713948415330797e+07
6.526952685597440600e+07 4.745167349274904281e+07 3.206261134454565868e+07 5.499399220008096844e+07 4.610068999541389197e+07 4.719992388035356253e+07 2.493997201843827963e+07 4.297637126766380668e+07 1.107575844181284308e+07 5.598871994181087613e+07
6.994064982482029498e+07 5.057922389941186458e+07 3.175657053231983632e+07 3.625738213470932841e+07 4.156897314319157600e+07 6.054930846973189712e+07 1.963296986068907753e+07 2.976802990075350180e+07 2.198837312622617558e+07 5.478458905381225795e+07
4.818725127123733610e+07 4.427212619793151319e+07 2.616897539932575077e+07 2.637904293888674676e+07 4.308152301826868206e+07 3.289177050534198061e+07 2.971741239624575898e+07 4.753389361635798961e+07 2.221992092722618580e+07 5.546397681041167676e+07
1.217109894332183450e+08 2.197557422547054291e+07 1.734776868646023422e+07 6.408374355320429057e+07 2.402436977857138962e+07 1.321026934602546841e+08 4.395625371577029116e+06 1.899359796625973657e+07 1.463864869638704136e+07 5.719826927981544286e+07
1.206432208875771053e+07 4.974767650819087029e+07 3.879785700114797056e+07 1.840923771092307940e+07 4.926006412839775532e+07 2.901290749184057862e+07 6.981440564905625768e+06 3.746784072023524344e+07 1.316362540931266919e+07 5.837200642346768826e+07
1.257235807674814016e+08 2.986800996248326451e+07 4.939051179567164183e+07 3.130147808685597405e+07 1.363041678063462116e+07 8.742799069738021493e+07 4.849848121946366131e+07 3.716287084137929976e+07 3.060914147418114915e+07 8.039083744816128910e+07
6.628835540673555434e+07 6.440180939017527550e+07 3.931935165318838507e+07 5.603382973020014167e+07 2.377429855245833471e+07 3.164941690720158815e+07 6.702869589905693382e+07 2.022174728523650020e+07 4.454840362051300704e+07 3.462049237186153233e+07
8.889346011675043404e+07 7.784052555281254649e+07 6.375481247066186741e+06 5.905293703672865033e+07 7.340197582548272610e+07 8.111667884388139844e+07 4.948051021209759265e+07 4.842252767760714889e+07 1.027399241327410005e+07 7.324535640665498376e+07
5.096245705135083199e+07 7.434020748354190588e+07 9.206400001475092769e+07 4.235984856573136151e+07 5.687595952571614087e+07 7.994435909260773659e+07 1.887109321489026770e+07 2.675718559886441007e+07 3.046023218571802229e+07 4.946314577814186364e+07
9.325854409488724172e+07 7.596680767948211730e+07 5.913903940742199123e+07 5.758909650554327667e+07 6.593523964549555629e+07 1.097337573636510223e+07 9.095338184112745523e+07 6.838574109629794955e+06 2.814033795887149125e+07 6.904900890631762147e+07
6.494070570929892361e+07 1.219293275224519335e+07 1.053194205147951245e+08 1.728547650794339553e+07 5.921231583040042967e+07 4.305458084888874739e+07 5.034786785210183263e+07 3.873622834760086983e+07 2.811395086628084257e+07 4.207264833053680509e+07
9.292677623192813993e+07 7.834290771977406740e+07 5.876168809474496171e+06 1.221838251729635894e+07 6.584847695814608037e+07 1.239950269252400249e+08 6.350440677923079580e+07 3.837002323318020254e+07 4.439145945209942013e+07 6.826276237829412520e+07
4.688651724391617626e+07 9.183628569257196784e+07 1.029100969514813125e+08 5.877801193524591625e+07 6.569573568279551715e+07 1.726412989863039553e+08 4.587946612023083121e+07 2.835612544907151908e+07 3.206180351421206817e+07 6.162026540985518694e+07
1.747283043178411126e+08 4.090600968499578536e+07 8.674247255527167022e+07 3.213147994297650084e+07 2.141541754573022574e+07 1.846440932644945383e+08 1.006860767488100082e+08 3.991740703870614618e+07 4.427210641066408902e+07 7.787076451770874858e+07
2.011017373215777278e+08 2.648376125676663220e+07 7.173475436548165977e+07 2.543336199954590574e+07 1.470468786954371631e+07 1.188163463019773215e+08 8.538146422884970903e+07 3.674830906269811094e+07 4.081822287175706774e+07 9.164228846362279356e+07
6.248772278990320861e+07 6.028830688365984708e+07 5.775215136088606715e+07 4.964697193888217956e+07 4.878195430321390927e+07 1.560853244873049259e+08 2.567396684567049518e+07 2.923685381324473396e+07 4.661545909033034742e+07 2.596592189881524071e+07
7.674099516226756573e+07 7.232438910383954644e+07 5.260813166739902645e+07 3.890907964507031441e+07 9.505645041229608655e+07 7.045461430165821314e+07 1.657532202859960124e+07 3.039717052977398783e+07 4.971904456277274340e+07 5.885713919361897558e+07
1.519422569046674073e+08 1.101228652708089352e+08 2.569070321362415701e+07 3.176927861228911951e+07 7.334110820093008876e+07 1.175151047281611264e+08 1.827640811798652261e+07 4.448402219658423215e+07 2.111500329407782108e+07 5.656101878629947454e+07
2.961738336856118441e+08 4.990549163445074856e+07 8.797172650853037834e+07 6.218802488291364908e+07 6.473852574518913776e+07 9.017222402562572062e+07 3.074636956574143469e+07 9.488988308643510938e+07 3.040192654128812253e+07 5.157772968227102607e+07
3.031349935796650052e+08 6.513535521016081423e+07 8.664497976529400796e+06 7.896212670682625473e+07 5.561503698966439813e+07 2.944052572476629540e+07 7.820123590252080560e+07 1.479380133910041116e+07 3.420810636058466882e+07 3.237671347474819049e+07
2.646773542822209001e+08 5.103080730791275948e+07 5.794641856837964803e+07 7.520482791441738605e+07 4.176364746325144917e+07 9.030644160084661841e+07 4.195483576633052528e+07 6.510291372636815161e+07 2.914061329574651271e+07 4.615913007883177698e+07
3.123392565695751309e+08 6.891349336063580215e+07 6.635855993499487638e+07 8.983287720707625151e+07 4.262704768592266738e+07 1.623489379682832956e+08 8.197225044290788472e+06 6.695628494489455968e+07 3.431895585196150839e+07 7.937742165076041222e+07
2.107474159236061573e+08 5.154493275615410507e+07 2.567451421937675402e+07 3.613957584902650118e+07 7.539937397604596615e+07 1.019505424022541791e+08 9.828632321515975893e+07 5.072856310209457576e+07 7.042225429500655830e+07 8.221179796737968922e+07
1.262493810437361896e+08 1.804339646528989449e+07 3.249388431181100383e+07 2.631964013637854904e+07 2.973297259348183125e+07 1.359804075099169910e+08 5.530133346154210716e+07 5.233475388747990876e+07 8.723374749263207614e+07 1.524152028439729288e+07
1.006034711896806061e+08 8.280577750943844020e+07 7.205506344456605613e+07 6.824846021311894059e+07 3.231008757266658172e+07 2.819341372595233321e+08 9.298826378211995959e+07 4.938830265726754814e+07 8.151977617997150123e+07 5.970962474712179601e+07
3.473107895535232425e+08 3.539618307011707127e+07 9.782820679834705591e+07 1.062815559239204973e+08 5.235302885192645341e+07 1.516434125338476598e+08 8.526166627678214014e+07 3.947078342111157626e+07 3.711460178856681287e+07 7.661424808684420586e+07
2.157053669978109896e+08 7.016769033492064476e+07 2.229221782213893905e+07 3.518003887255628407e+07 5.043987391618442535e+07 8.927075954945473373e+07 7.236505830086454749e+07 4.691734538220461458e+07 2.582896772666192055e+07 1.019080077595689446e+08
9.211730247433656454e+07 8.665428661446940899e+07 1.039316963787497729e+08 5.913363852481883019e+07 1.053152697100584805e+08 9.868927889765401185e+07 1.047305204190523177e+08 5.742831304136353731e+07 5.452722652047725022e+07 1.394530820143986344e+08
3.391801989462069869e+08 6.866881522948327661e+07 7.965484574715021253e+07 1.128790801620276421e+08 4.526903569539241493e+07 1.498342473333940506e+08 9.651852408227583766e+07 5.369761654394284636e+07 5.868836778659319133e+07 3.861747377076337487e+07
4.018389031270290017e+08 7.010454973863244057e+07 1.111108493266378045e+08 7.048998542898173630e+07 4.472448289853020012e+07 2.298740067330973446e+08 8.341590636837142706e+07 3.764138848806443065e+07 5.749996575502487272e+07 8.020239830334590375e+07
1.544953964546037316e+08 4.728296543451762199e+07 2.004135633567806333e+07 2.186374636498372257e+07 7.263184375825767219e+07 2.180778671537597775e+08 3.886129233899884671e+07 2.058499641876884550e+07 2.870154160590485483e+07 1.103888441708235592e+08
1.148422951786903739e+08 8.350381528962120414e+07 1.098035654313301444e+08 1.635761641406982765e+07 8.579145343610444665e+07 2.925473102718105912e+08 6.061799140394462645e+07 4.986296651198327541e+07 7.951543812419568002e+07 1.036909425839885920e+08
1.854495970608499646e+08 1.129478386029558033e+08 7.705242419063368440e+07 2.564242835454850644e+07 6.625780536560276896e+07 2.830593774738589674e+07 7.566955759716087580e+07 3.571724949734997004e+07 6.443800811664969474e+07 8.793220099664461613e+07
5.960565402155339718e+07 1.243760437154532969e+07 1.123596189070523828e+08 3.555187840181792527e+07 9.000625239621797204e+07 2.440634518667800128e+08 6.928449737678849697e+07 3.655539001853945851e+07 2.651774618740181997e+07 3.526335350637077540e+07
3.276590147350806594e+08 4.358889159229324758e+07 6.447054938640619069e+07 6.047982947019121796e+07 8.637537855011670291e+07 3.137506788581689000e+08 6.123829421371193230e+07 6.008102708642222732e+07 8.321771250390939415e+07 7.884740858517469466e+07
4.711793131244726777e+08 5.619136315623763949e+07 1.369744616269814968e+08 1.417148512230378091e+08 4.292263586622726917e+07 8.314578230975426733e+07 9.226199794094328582e+07 4.423612064716561139e+07 7.991668636938598752e+07 8.029774214790706336e+07
1.324907643222846687e+08 6.965935800691993535e+07 7.490812153954550624e+07 8.761815481068280339e+07 5.817395724992179871e+07 2.923820109857960939e+08 4.866900640017419308e+07 7.358803494046001136e+07 1.322940004208055511e+07 2.969528483145976812e+07
4.723576063753189445e+08 7.529439646516372263e+07 7.064676148322448134e+07 7.954496450741277635e+07 6.441235091962349415e+07 1.460669646533285379e+08 1.075898824853965193e+08 5.628950360181628168e+07 2.777035143200859427e+07 2.063974345076171681e+07
6.433408703869807720e+08 3.468226589181453735e+07 9.675829639040257037e+07 3.410080516703937948e+07 2.265879006006078795e+07 4.403033351114780903e+08 1.052535849693423212e+08 7.185787814178124070e+07 6.903408609200182557e+07 8.205324658301332593e+07
5.479573820306226015e+08 1.319037759274459034e+08 5.493090542538004369e+07 8.356251066533392668e+07 4.318056944921255112e+07 4.236142939350057244e+08 3.866973540046224743e+07 3.920096344632177800e+07 7.818106172722335160e+07 4.437223016622196883e+07
6.200541297361071110e+08 2.538443493971366808e+07 1.420567536922600269e+08 1.262761698411987424e+08 2.489902015685080737e+07 1.566072141091512442e+08 7.622899178074097633e+07 6.464934172669933736e+07 6.376789470794323087e+07 9.193443658388154209e+07
4.613091887460154295e+08 4.957129091219294816e+07 3.790050703872649372e+07 1.004004847235240638e+08 5.906769386409246176e+07 3.169939694118013978e+08 4.651695334458225965e+07 6.712378409902775288e+07 3.877742259214177728e+07 1.373263788141610324e+08
5.346569756537110209e+08 5.031293791961234808e+07 2.220558455189484358e+08 6.435107649967699498e+07 3.121062428137399256e+07 6.517497084344808012e+07 4.346310417348042130e+07 6.779513393572957814e+07 1.219688638139551282e+08 8.299172644236201048e+07
1.410392597677861750e+08 9.731468260032051802e+07 4.391059258766227216e+07 4.743720735890636593e+07 4.013498439538659155e+07 2.486596043735630438e+07 1.107146810480509698e+08 7.362347626105965674e+07 5.138272748043581843e+07 2.684173658475921676e+07
4.131768313244787455e+08 2.962657247672228888e+07 1.313620406554431915e+08 8.505481800997860730e+07 8.139587273391981609e+06 4.543833769965075254e+08 9.445267434667333961e+07 1.639802625462670028e+08 1.319440264576418996e+08 1.243908448910081238e+08
1.195596510305394232e+07 1.539604306687589586e+08 1.857636930159538686e+08 6.046649297715609521e+07 1.973244747842694819e+08 3.204013283818786740e+08 7.328513828650073707e+07 5.769379539020422846e+07 1.142195528951670676e+08 1.401758845916218758e+08
