9.754671671425793320e+06 9.986855799479203299e+06 9.590080819245887920e+06 8.999158900903085247e+06 8.567916439369840547e+06 8.276141898663872853e+06 7.999988716782953590e+06 7.862115038608467206e+06 8.165989110446576960e+06 8.954437282577816397e+06
1.012312192716134340e+07 1.040419730485140905e+07 9.888637093804633245e+06 9.165416574685120955e+06 8.684951641551941633e+06 8.376262615403297357e+06 8.036864894027556293e+06 7.818245693020848557e+06 8.144813954521013424e+06 9.114415585112202913e+06
1.037744758750173636e+07 1.071601314633809589e+07 1.004581659718424641e+07 9.163990212407724932e+06 8.642916477904796600e+06 8.332651698579925112e+06 7.917748250371275470e+06 7.583894263319392689e+06 7.918878044909620658e+06 9.106622970736535266e+06
1.048210907933249697e+07 1.088765030522669852e+07 1.001638961340991408e+07 8.945713627422844991e+06 8.401293944002525881e+06 8.114540732207721099e+06 7.610917437922769226e+06 7.115852560772257857e+06 7.434258470502953976e+06 8.882150870872559026e+06
1.039817552746357024e+07 1.088093211760900542e+07 9.748757241365229711e+06 8.454943278587237000e+06 7.916730320373666473e+06 7.692073346923771314e+06 7.086775941037494689e+06 6.371428752288290299e+06 6.631976167170054279e+06 8.385597893980146386e+06
1.008508025808478892e+07 1.065584006961736828e+07 9.186105790077723563e+06 7.630844355072126724e+06 7.145202797359226272e+06 7.039449924117791466e+06 6.322736797302948311e+06 5.317218248866451904e+06 5.452854036032630131e+06 7.556182901861805469e+06
9.503641940095009282e+06 1.017349354070667177e+07 8.269076232496698387e+06 6.410062385125217959e+06 6.045372039475440048e+06 6.139385659066090360e+06 5.312270498492103070e+06 3.957739969641404226e+06 3.855650801716248505e+06 6.329943851205872372e+06
8.621006804355490953e+06 9.401156413691483438e+06 6.941600592805147171e+06 4.732059550782887265e+06 4.583410313304620795e+06 4.989321492917411029e+06 4.086099575971699320e+06 2.488670013035323471e+06 1.957950960849365452e+06 4.643447755444738083e+06
7.418926678181248717e+06 8.320797685475208797e+06 5.166674751332563348e+06 2.555720500352390576e+06 2.739752822612878866e+06 3.610921505130193662e+06 2.787055849732156843e+06 2.202902811950155534e+06 1.950282665461527416e+06 2.439923494013626128e+06
5.909843431605115533e+06 6.945456151018722914e+06 3.005403849952536169e+06 6.274462821504854364e+05 5.275539251039720839e+05 2.074440441161210649e+06 2.009244352994413814e+06 4.235021393262982368e+06 4.998985401130463928e+06 3.568472176107447594e+05
4.181701960661424790e+06 5.358924034547849558e+06 1.689431390529848635e+06 3.657687184967413545e+06 2.066724739162434824e+06 7.748536114254798740e+05 2.758975006307836622e+06 7.218593800409333780e+06 8.961817450292879716e+06 3.683521464851445053e+06
2.608780588039438706e+06 3.845127880347729195e+06 4.248732848130450584e+06 7.522973368362938054e+06 4.910835272826520726e+06 1.670730152340611210e+06 4.365947841278395616e+06 1.060962644618442282e+07 1.355925425773452222e+07 7.597713931341486052e+06
2.554238764326191042e+06 3.234056369210178033e+06 8.091631809846849181e+06 1.186381744953155331e+07 7.904325346100692637e+06 3.143679070272051729e+06 6.028255259454965591e+06 1.414942582209970988e+07 1.864057023081799969e+07 1.200922234235541895e+07
4.278520998149531893e+06 4.270448512678738683e+06 1.241980609393884428e+07 1.650319518627117947e+07 1.086299907948898524e+07 4.320116318171174265e+06 7.366541866864409298e+06 1.755751254671750963e+07 2.398403257902442664e+07 1.677986129695428163e+07
6.335681266908796504e+06 6.113580915114960633e+06 1.695772289449784532e+07 2.117336811104288325e+07 1.354665874865572527e+07 4.938437965368596837e+06 8.087617501122827642e+06 2.048288484453288466e+07 2.925588866235261410e+07 2.168785887393611297e+07
8.080809139376646839e+06 7.911102054228927009e+06 2.138604295101933554e+07 2.549314927406464890e+07 1.566923982745603845e+07 4.792060907977346331e+06 7.946142987403749488e+06 2.250398192129965499e+07 3.398854090558953583e+07 2.641648479877585918e+07
9.120251710396157578e+06 9.178927265110082924e+06 2.529102807364090160e+07 2.896129622273514792e+07 1.692615193085964397e+07 3.789906048296947498e+06 6.837081425870256498e+06 2.315899030891538039e+07 3.757339179543899745e+07 3.055260162807340547e+07
9.125414760584874079e+06 9.561353032481811941e+06 2.816488135531368107e+07 3.096991466430176422e+07 1.704353143244378641e+07 2.371792388408138882e+06 5.160725980545496568e+06 2.201564081450169533e+07 3.927656340968070924e+07 3.360151361265413463e+07
7.900832544104057364e+06 8.824293089010635391e+06 2.943577233046745136e+07 3.084928177627579868e+07 1.585478609250769764e+07 3.223074205932235811e+06 5.031194199078679085e+06 1.880916589637053385e+07 3.828988099703875929e+07 3.502553188502161205e+07
5.741281516811409034e+06 7.029660618283100426e+06 2.853399422281966358e+07 2.796022299353679642e+07 1.341362882054445893e+07 6.483525778223077767e+06 8.298697897098758258e+06 1.377314042784965970e+07 3.383115185533508658e+07 3.431276578279209882e+07
5.087314466334582306e+06 5.221782229206473567e+06 2.500596258264979720e+07 2.186639550366923958e+07 1.018066343248195201e+07 1.006040303990988806e+07 1.293786057337367907e+07 9.028232381799185649e+06 2.530650089265918732e+07 3.107857964527881518e+07
9.011598187462627888e+06 6.349487195387002081e+06 1.870441872274238989e+07 1.278732194727852754e+07 7.404937655440320261e+06 1.287628853472412005e+07 1.712343505921529233e+07 1.121880528476288728e+07 1.255283414360428974e+07 2.519341689068068564e+07
1.489659553516469151e+07 1.015292092637914792e+07 1.029901770114596374e+07 6.666382518456826918e+06 7.044798741390122101e+06 1.404372828987071291e+07 1.945375792894163728e+07 1.885229918548111245e+07 4.381920540376672521e+06 1.691637816922749951e+07
2.051863157217649743e+07 1.375406529969192669e+07 6.548106935826584697e+06 1.804502490671665221e+07 8.538469342176919803e+06 1.304117992934074067e+07 1.878549689270778373e+07 2.584576752638055757e+07 2.308973357912100106e+07 6.995727697364508174e+06
2.428611847718523443e+07 1.511987027940910868e+07 1.584614575133196637e+07 3.238992205639568716e+07 9.434916500952687114e+06 1.030114289922470786e+07 1.457216257847107574e+07 2.891740692866609618e+07 4.180152912209283561e+07 3.343634829118811060e+06
2.486902130734480545e+07 1.267314815718924068e+07 2.571864892897688597e+07 4.405208252145435661e+07 9.044171601520081982e+06 8.263412963648559526e+06 7.343488683647374623e+06 2.582029847762960941e+07 5.674921334411438555e+07 1.248547789203580469e+07
2.156451561571130529e+07 5.665647255572026595e+06 3.194911608054398373e+07 4.936088019719523191e+07 9.477147785890974104e+06 9.632113251062834635e+06 1.860499259962059790e+06 1.584796243634563312e+07 6.376972265670639277e+07 1.888828025782775134e+07
1.485064772916853428e+07 6.848630830469738692e+06 3.217263701514170691e+07 4.524885570388672501e+07 1.356898701203036867e+07 1.126712591562633775e+07 8.225872536669627763e+06 6.660495396680646576e+06 5.922697406647663563e+07 2.154629522219723091e+07
7.156420018840151839e+06 2.071783940205175057e+07 2.531508897047168761e+07 3.076690147036055103e+07 1.963971909663582593e+07 9.482985120355648920e+06 1.026364785380681604e+07 2.185266321150590479e+07 4.206889117095991969e+07 2.061311364057299122e+07
5.521963240543449298e+06 3.340623117818886787e+07 1.246277330407878198e+07 1.475856741113005392e+07 2.467953727776806802e+07 4.264204754096942954e+06 6.415792154237027280e+06 3.598309506304819882e+07 2.171567295956680551e+07 1.772350385295346379e+07
7.802515404978661798e+06 4.019335123285459727e+07 4.833626453806306235e+06 3.279574458612231910e+07 2.662660391019820794e+07 6.068751817368425429e+06 5.296147801357666031e+06 3.912392518114330620e+07 3.823042840771839768e+07 1.561326896563756093e+07
6.160624152278488502e+06 3.773887538741512597e+07 1.702206659346869960e+07 5.733563684274815768e+07 2.405810065435364097e+07 1.091666070810060389e+07 1.252060524151305668e+07 2.759452211397900432e+07 6.653467396169092506e+07 1.686936068145499006e+07
3.722842755239618011e+06 2.648624596115759760e+07 2.203892302529755980e+07 6.825604241998961568e+07 1.571721081898065470e+07 1.107856867068459466e+07 1.308483229998989776e+07 1.375194737316589616e+07 7.817681764725872874e+07 2.240607403809328750e+07
6.244376656221201643e+06 1.268366227728702314e+07 1.743268816913262382e+07 5.783686932805304974e+07 2.903590447203548159e+06 1.198183719368026219e+07 3.711147621171255596e+06 3.238540165740957111e+07 6.238497219725487381e+07 2.974203231939538568e+07
7.984550683418270200e+06 8.130944261135551147e+06 8.942555145559081808e+06 2.984880435820480809e+07 1.538570242387665436e+07 1.678132261665205657e+07 1.254912276010103337e+07 4.427756639798669517e+07 2.091711599641824886e+07 3.289812137937840447e+07
1.485643906246548519e+07 6.778328333316776901e+06 7.998775426890826784e+06 2.521737889915718511e+07 2.411134719834078476e+07 1.586260209781753086e+07 2.164312053066965938e+07 3.146105175649851561e+07 3.030762763625056669e+07 2.616120772707524896e+07
2.140956377405091003e+07 7.476032003898877650e+06 1.887372352588808630e+06 4.607145024125420302e+07 1.707688074349702522e+07 9.465975061694929376e+06 1.690905200585953891e+07 7.852855989272102714e+06 6.253993584908753633e+07 1.243105602901025303e+07
1.401417821048215963e+07 1.089914786382744648e+07 1.581955856323169172e+07 4.099115947751905024e+07 1.344395113258001767e+07 6.092419308564865030e+06 8.331106410976259038e+06 3.354331745119903982e+07 5.497308509460652620e+07 1.873440107550153509e+07
1.685177805176500604e+07 2.101467347917370498e+06 3.016748560016839579e+07 8.807963349585944787e+06 3.249612240411957726e+07 4.489158982366579585e+06 7.395113825184362940e+06 3.630618504757242650e+07 1.370411950358275324e+07 2.695219777816032618e+07
4.017164762421449274e+07 2.436674150530387834e+07 2.038024994599488005e+07 2.643168751112023741e+07 3.778710454063535482e+07 1.705753136047061160e+07 4.423986529300861992e+06 1.624798760034603439e+07 3.358134413287995756e+07 2.145534133082844317e+07
3.368193257777936757e+07 3.861042267093613744e+07 1.631433609120128676e+07 3.563691797724463046e+07 4.053293388755924255e+07 1.202723321567909606e+07 1.221495062712090835e+07 9.234415668782601133e+06 3.235312048488782719e+07 1.655355229287624359e+07
8.969269363335795701e+06 2.756195401325913519e+07 4.514085655471333861e+07 2.013412413894125819e+07 4.003860187074014544e+07 1.641327304540508427e+07 1.034707957492090762e+07 1.195608440557527728e+07 2.157251605523722619e+07 2.181849674417705089e+07
3.747249453460475057e+07 9.752416122121255845e+06 2.391525479361737520e+07 2.024845963400191069e+07 2.986133626979986578e+07 2.413970033243696019e+07 1.733060976318484545e+07 3.428858084014288336e+07 6.240709120872317255e+07 2.762406627848324180e+07
2.654619343703467026e+07 9.693295166239609942e+06 4.859281243866381794e+07 1.064916794984090887e+07 3.398299100290505588e+07 2.990784383464049920e+07 1.354169061122763902e+07 1.317800435707341880e+07 3.327077510372338071e+07 1.750938511288485676e+07
1.657653840591523051e+07 1.946859146719542891e+07 7.622450586532741785e+07 3.818676300122506917e+07 1.145134409494174272e+07 2.304240318279244006e+07 3.405189227543223649e+07 2.800646546311164647e+07 4.839922934080998600e+07 2.178322888967137411e+07
2.140933325305317715e+07 1.535375392007341795e+07 1.086961372249285318e+07 4.957580871298588812e+07 2.860844722175345197e+07 1.160619922090550326e+07 8.272918800543549471e+06 9.492883342026015744e+06 7.812795341298697889e+07 4.195491649176194519e+07
2.637966233660902083e+07 4.164912878171469271e+07 6.493788385400357842e+07 2.706218071552057192e+07 4.500262467677660286e+07 2.075408904371735826e+07 3.141922346607247368e+07 4.138799023174025863e+07 2.810966216718618199e+07 2.190010801603069529e+07
1.252982530490087718e+07 1.234517525468046218e+07 2.839660103886727989e+07 7.989193602084233426e+06 6.427960209917581081e+07 6.986194165069692768e+06 4.544204160091491044e+07 3.785571555249132682e+06 4.594554277122422308e+07 1.570891124989857897e+07
1.356941544867398590e+07 2.428890294922181219e+07 5.430309227303981036e+07 1.031208996462837793e+07 5.370302118334630877e+07 4.561612181820183992e+07 1.758519964812076092e+07 5.726023823474313319e+07 4.566069714316458441e+06 3.757541285250923783e+07
6.385973990253292769e+07 2.300147094682135060e+07 2.731456001682940498e+07 2.437588231143489107e+07 5.893691391869384050e+07 2.631904489947102591e+07 3.676688763859868795e+07 2.318641784074556828e+07 5.339380781348452717e+07 1.194083021777365729e+07
7.500357730643287301e+06 2.992180629103904963e+07 3.163672353796625882e+07 6.037956921006929129e+07 3.186963961221815273e+07 2.450678484609878063e+07 2.137865043772413954e+07 1.177634818316303939e+07 2.656769820715076104e+07 6.275025471390663087e+07
1.658398275873361714e+07 1.186306457513094880e+07 1.831737118488613889e+07 4.202498284075108171e+07 4.109895031120551378e+07 2.291245475025177002e+07 2.331211208150829747e+07 2.387896202298972011e+07 1.730189020059426874e+07 2.008007022030115873e+07
2.820854838018297777e+07 2.814668336376303062e+07 1.154484870308393054e+07 5.257278756997676939e+07 6.082289982631429285e+07 3.926995480175407976e+07 2.340765947969532013e+07 2.804815749972449988e+07 8.896545276988167316e+06 3.911081032062093168e+07
2.117137917314560339e+07 1.096244765986651741e+07 9.416898596096564084e+06 8.787864061289429665e+07 6.025143386706934124e+07 4.671241146299136430e+07 3.611310495052059740e+07 2.282666280100741610e+07 3.193095328712448850e+07 8.197242754072124138e+06
5.633679780345872790e+07 3.030803373160252720e+07 2.571361692178788781e+07 3.899910753454776108e+07 9.544467456598734856e+07 4.994338551480584592e+07 2.182939567808777839e+07 4.096970726153137535e+07 5.825468061265892535e+07 2.305979609416303411e+07
4.619703085233489424e+07 1.374369335442970321e+07 4.364002449116137624e+07 3.443681070795397460e+07 5.970673790956836939e+07 6.578318722892443836e+07 2.014469071055382863e+07 9.366737107166571543e+06 7.402643082641436160e+07 1.974606809686793014e+07
4.439816893348865956e+07 3.674882514221246541e+07 3.682941665893886238e+07 1.466289265613990426e+08 3.077364967945916578e+07 2.752444970978422090e+07 1.205921343273595534e+07 5.129356102166809142e+06 8.513409891820265353e+07 4.907812517754992843e+07
2.709097202372442186e+07 7.201079859032612294e+06 1.484610737737539783e+07 8.848786553178338706e+07 8.602841635513247550e+07 3.696625881444882601e+07 2.692813731203301251e+07 1.996868175584746525e+07 4.957002278422866017e+07 7.519583352592362463e+07
3.210692572016318142e+07 5.015137248902854323e+07 1.302891457406385243e+07 9.782786350679659843e+07 2.841294342955707759e+07 2.071729576341696084e+07 2.685763449988599494e+07 3.748361850846948475e+07 6.152301597748305649e+07 4.769414556610675156e+07
6.067162966051988304e+07 2.523963522034681961e+07 1.094839128055801429e+07 7.825210748923742771e+07 4.737688607987844944e+07 1.213616789777930640e+07 3.353118897845529020e+07 4.780561315572785586e+07 4.403223073799018562e+07 4.242303195068900287e+07
2.961179119334721938e+07 3.903503057225245982e+07 2.713137662447005883e+07 7.050867450039097667e+07 4.802568559165354818e+07 4.470168668995174021e+07 6.406102353890964389e+07 3.820915315879227221e+07 3.224553407503607124e+07 7.152561074300682545e+07
2.601742840946055949e+07 2.800939439894139022e+07 6.941276970303282142e+07 7.129188578130525351e+07 3.198648669937676191e+07 4.339031288084704429e+07 1.019677741856215708e+07 4.349604364342115074e+07 8.514248977368539572e+07 1.193937806462953389e+08
4.613033395784413069e+07 1.201215697241883539e+07 5.820843958678948879e+07 3.484880596518030763e+07 3.474213905529681593e+07 4.646026023910300434e+07 1.975378188278186321e+07 6.077935911868170649e+07 8.143079239078739285e+07 1.143969627636507601e+08
7.139361777495419979e+07 4.764184735530828685e+07 7.011778772502431273e+07 8.649646536495182663e+06 5.753294189231935889e+07 8.782997494783343747e+06 4.197199176625528932e+07 5.692816507172238827e+07 5.082964131986181438e+07 7.912290694703365676e+06
9.610549969769625366e+07 1.168577480287109762e+08 5.904600758474358171e+07 1.247527222654667124e+07 7.828105751833776012e+06 2.820514945362672582e+07 2.566801086720191315e+07 8.201259271906363964e+07 7.763822787940727174e+07 5.404879230807137489e+07
5.853525701976131648e+07 4.478454934054320306e+07 8.326648675263823569e+07 6.497994740926392376e+07 5.992156608991136402e+07 6.918508953535339236e+07 2.846136628312293813e+07 1.849608545546035841e+07 6.288043523114934564e+07 7.457851318432937562e+07
2.404892470049311221e+07 7.109453490601193905e+07 3.472182874965701997e+07 3.625014056356654316e+07 1.074265660005905032e+08 7.556293805462640524e+07 3.340732943417369947e+07 2.940238885909168422e+07 4.845455871043324471e+07 3.643402279955196381e+07
5.299208742346046865e+07 5.802783339418148994e+07 6.373859657426851802e+06 4.355952340838823467e+07 6.656139927632959187e+07 1.445413596336847357e+07 4.671634427805207670e+07 6.641549639078922570e+07 8.921204721098759770e+07 7.175008346814237535e+07
9.336466207144273818e+07 2.538636570357191190e+07 3.116998360931542143e+07 6.534171045092386007e+07 7.393678671002037823e+07 5.333103955808373541e+07 3.906813489862082899e+07 5.119552161162801087e+07 1.378812822772960365e+08 4.850521029548251629e+07
7.850366307572846115e+07 2.332318280560657382e+07 3.956140821003289521e+07 8.189661763230477273e+07 4.517723166513321549e+07 2.843834591799079254e+07 5.542696606337370723e+07 6.431509649448468536e+07 1.030011921122461706e+08 4.648368424735091627e+07
3.002681172368705273e+07 2.669475352448394522e+07 4.897126769442799687e+07 1.002418733348463178e+08 5.435003133160598576e+07 2.226308062005838379e+07 3.505693267024864256e+07 3.688556543934078515e+07 2.078544718473076820e+07 2.036365449379182234e+07
8.071413403640760481e+07 4.309753809983282536e+07 2.161414583617076278e+07 5.938978170221652091e+07 1.665709208808502741e+07 5.530344240928343683e+07 6.690708541919577867e+07 5.984277741819123179e+07 8.947900859750717878e+07 4.365919985845937580e+07
7.088072506732955575e+07 1.072088231167266071e+08 2.271650682466557994e+07 1.425140415490954518e+08 2.276824534305179119e+07 4.400026838025661558e+07 3.577171844563461840e+07 9.046227892292100191e+07 3.428608082894755900e+07 2.385400691896349192e+07
6.943042434294794500e+07 9.164867369846080244e+07 8.877514841734613478e+07 8.406806133656449616e+07 1.883624276984648407e+07 1.085907891452804022e+07 5.055454281840251386e+07 3.645999092311238497e+07 2.847845561811469123e+07 9.210203128543122113e+07
5.941756556372094899e+07 3.954542261186005175e+07 6.943833142901672423e+07 3.893475906637622416e+07 3.211745694108287990e+07 3.776607772608125210e+07 5.915892033925864100e+07 7.342306254763996601e+07 8.616183969747908413e+07 5.853579932333428413e+07
5.992705165219470114e+07 6.020388405684076995e+07 8.811202167403730750e+07 1.783198734669585899e+07 5.220980205849814415e+07 1.051345570613031276e+07 2.850273340720096603e+07 7.643307456977230310e+07 3.309635166325147450e+07 1.243821834337936016e+05
1.936400397296071798e+07 5.242076693532459438e+07 4.257432435184509307e+07 5.156741730081782676e+06 5.375782688296125084e+07 3.606183193621173501e+07 2.485422133559916541e+07 1.475511060124703646e+08 3.968909685459385812e+07 7.394960122250214219e+07
7.625496682922752202e+07 1.600689756998345070e+07 1.982840448739847839e+08 6.382921612831072509e+07 5.826432226512839645e+07 1.382785190936657786e+07 3.234642870393410698e+07 1.827607270321639180e+08 1.195454004967017919e+08 2.797354637321114168e+07
4.674659251749745011e+07 2.987664421872523054e+07 8.048875981998158991e+07 5.385349650103878230e+07 2.607115454828247428e+07 4.293080335711058229e+07 2.166834024284010381e+07 2.288484437094254196e+08 1.166036709243023545e+08 7.451394215670332313e+07
6.197714947956993431e+07 7.971993606199642643e+06 2.989946125418676063e+07 5.579170266950950772e+07 2.294141412851532176e+07 6.391886048077018932e+06 2.313833928641274199e+07 6.166386981772067398e+07 1.500780404630560055e+07 2.039656841919461638e+07
4.881289495461446792e+07 1.280350130299523771e+08 2.717499920452701300e+07 2.562018520855786651e+07 1.623096457505273446e+07 1.084509713361195475e+07 6.815196791640485823e+07 1.632906594234839827e+07 1.867776345046732575e+07 1.223319657422335818e+07
9.378214653096278012e+07 5.552233458455190808e+07 5.118212586247856170e+07 2.474528121560138464e+07 2.359879626478901878e+07 6.607544449025909603e+07 3.510460051515620947e+07 8.051590958382649720e+07 4.776987914071067423e+07 1.603232045322267152e+07
3.578335634567994624e+07 5.701170298679744452e+07 2.908795821005523205e+07 7.306329336446239054e+07 6.256504994686022401e+07 6.184771907606989890e+07 1.201795230043941177e+07 5.674164851842450351e+07 4.942642098098142445e+07 5.629793581570045650e+07
7.832197734212984145e+07 6.723863399021150172e+07 8.965405904783889651e+07 4.826431065081893653e+07 4.064209536387419701e+07 1.959430824501765892e+07 1.139393572133844793e+08 7.799405001918083429e+07 1.942640915146529302e+07 7.513254564602306485e+07
8.183811772091327608e+07 4.657080775904743373e+07 3.301443447261134163e+07 8.519645534997576475e+07 7.030131652138763666e+07 8.341371002115011215e+05 2.220040633514418453e+07 1.197298007607144564e+08 5.196755303997838497e+07 6.061639863257051259e+07
