9.474828083367526531e+06 9.672193137842556462e+06 1.001715009435054846e+07 1.046921784819657914e+07 1.088672739270636067e+07 1.101025114097592793e+07 1.070083821286706440e+07 1.014702302495048381e+07 9.676128868455292657e+06 9.456917804725309834e+06
9.585686962564213201e+06 9.817082990400180221e+06 1.021198324723688886e+07 1.073876057588181645e+07 1.124348085998184606e+07 1.139925520859297737e+07 1.101717273951555789e+07 1.034070937440189905e+07 9.787279512625277042e+06 9.549651471868159249e+06
9.528691284135028720e+06 9.798501211156476289e+06 1.024533242702344060e+07 1.085087122566091642e+07 1.145611619426643290e+07 1.165212734403827041e+07 1.118140488641122729e+07 1.035845027852544375e+07 9.715149208798578009e+06 9.466447132955189794e+06
9.266375234652621672e+06 9.579807941403422505e+06 1.007997709576039203e+07 1.076421985736902989e+07 1.148211697799548320e+07 1.172785906963858381e+07 1.114944941821460426e+07 1.015292290519756638e+07 9.415120216922804713e+06 9.167616564519306645e+06
8.760964477090517059e+06 9.125086945350311697e+06 9.681361104952665046e+06 1.043747088902341947e+07 1.127565277244057506e+07 1.158187477211802080e+07 1.087326274020498618e+07 9.673128533076234162e+06 8.840955825478220358e+06 8.613380669630277902e+06
7.977238088766489178e+06 8.403357688830191270e+06 9.025650252337241545e+06 9.836114971500990912e+06 1.079068768886339106e+07 1.116830409598906152e+07 1.030322554685617238e+07 8.867455037932487205e+06 7.948870381032233126e+06 7.767935456185600720e+06
6.886578141413979232e+06 7.395710239758520387e+06 8.116433676475686021e+06 8.947276048925308511e+06 9.987090246786450967e+06 1.044393396996033378e+07 9.392485981073493138e+06 7.689738508754669689e+06 6.705579185595734045e+06 6.606941255278318189e+06
5.472838893236042932e+06 6.109010802413078956e+06 7.022383131554403342e+06 7.814506045394930057e+06 8.843249117904497311e+06 9.374936987497150898e+06 8.105064360177803785e+06 6.113232381802859716e+06 5.108554123391695321e+06 5.135012491243222728e+06
3.743754170470790472e+06 4.610812095544447191e+06 5.965265581091587432e+06 6.625741833448145539e+06 7.386180329738046974e+06 7.949171271830001846e+06 6.433885015933208168e+06 4.179225598062050529e+06 3.271223256637378130e+06 3.451182805835530628e+06
1.792529610307911877e+06 3.160059553903169464e+06 5.461933153136990033e+06 5.899704462156141177e+06 5.780019339608217590e+06 6.204067685476409271e+06 4.460822064309027046e+06 2.336756452526025008e+06 2.065895582400621381e+06 2.166070320245824289e+06
1.225656128470070660e+06 2.647490656405323651e+06 6.151485867431576364e+06 6.474926271662310697e+06 4.602965416749795899e+06 4.319630817013740540e+06 2.709966856139393523e+06 2.985607782950652763e+06 3.599239153005521744e+06 3.093886527788100764e+06
3.541443583319161087e+06 3.848559487240015529e+06 8.034330513635523617e+06 8.614517942872611806e+06 5.044525539684357122e+06 3.033742818998829927e+06 3.254846978791933507e+06 5.970125343027448282e+06 6.491138960903831758e+06 5.562726995943468995e+06
6.246918573731628247e+06 5.793993379428416491e+06 1.057171318921496347e+07 1.179926568542455509e+07 7.301117144371697679e+06 3.852296342880517244e+06 5.960558913415651768e+06 9.560426115265930071e+06 9.707865222733942792e+06 8.464495971891600639e+06
9.076596938536012545e+06 7.757917814472150058e+06 1.324215232190182433e+07 1.548231370783292502e+07 1.043615068463718146e+07 6.115430438853642903e+06 9.191544279606591910e+06 1.328872704115088843e+07 1.289721215336093679e+07 1.149745797967864200e+07
1.197090562999726087e+07 9.402923886241171509e+06 1.559009059288324974e+07 1.921919342697164044e+07 1.379398377887605876e+07 8.576492327858408913e+06 1.238331827504899353e+07 1.681269332490291074e+07 1.576240712403399870e+07 1.452439438560103066e+07
1.493418475096725672e+07 1.053359333523994684e+07 1.715983754050692916e+07 2.256894645982884988e+07 1.692338736410975456e+07 1.065344775548270717e+07 1.514754556293555722e+07 1.974476696281627193e+07 1.801012408630032092e+07 1.749102428373692557e+07
1.801820566785759851e+07 1.111990862848258577e+07 1.748208371398009360e+07 2.504974127476458251e+07 1.940296609173833579e+07 1.191953959919071011e+07 1.709161860325296596e+07 2.164629924332160130e+07 1.940322420047755539e+07 2.043647265496419370e+07
2.126342184955629334e+07 1.142182969498273730e+07 1.610945479968537763e+07 2.614835962168581784e+07 2.081033965923322365e+07 1.199814356107236817e+07 1.782697339000690356e+07 2.206798393268772587e+07 1.988146665890086442e+07 2.347853879696583375e+07
2.458444023575370759e+07 1.207194825492883287e+07 1.269395800539909676e+07 2.537319836767100915e+07 2.075501664651528746e+07 1.061069887948347256e+07 1.703477883074901626e+07 2.063346884313257784e+07 1.975344076382573694e+07 2.671733764573426172e+07
2.764386156357123330e+07 1.376203889696764573e+07 7.115198711675385013e+06 2.235298861576491594e+07 1.894765801120425761e+07 7.722360260988218710e+06 1.458382033152084798e+07 1.718863802894248068e+07 1.986234511185823381e+07 3.005441244574531913e+07
2.979662841716649756e+07 1.652875281055466086e+07 1.440429890548476717e+06 1.699869679862247780e+07 1.529298242948997207e+07 4.167809027772943489e+06 1.075281626782735623e+07 1.213388046418981813e+07 2.128331666679675877e+07 3.301571221850707754e+07
3.017834114111359045e+07 1.960336486960700154e+07 9.749349081019930542e+06 9.880557214057086036e+06 9.991935653882827610e+06 5.041704130495204590e+06 6.920052924591170624e+06 7.790351052141363733e+06 2.422520928019846603e+07 3.470605436315244436e+07
2.798522755518080294e+07 2.194341641886924952e+07 1.892104897907773033e+07 5.366490216285405681e+06 3.697337607634393964e+06 1.002769132433075830e+07 6.934230300686626695e+06 1.001460932966279797e+07 2.738119876535421237e+07 3.396498665429831296e+07
2.301106277256835997e+07 2.277805565990592912e+07 2.667128207236820459e+07 1.169310085635263473e+07 3.551991811913340352e+06 1.436929143992471136e+07 1.035724444862579554e+07 1.594740995849274471e+07 2.857357013889558241e+07 2.972239185692112520e+07
1.674248363083520345e+07 2.205875601928184554e+07 3.111999325534803420e+07 1.900412306705918536e+07 9.283773039235021919e+06 1.610379446598109603e+07 1.258332645862407610e+07 2.016052697180865705e+07 2.564513419346886873e+07 2.153067915746641904e+07
1.441081523141000234e+07 2.063859878316610679e+07 3.073578532725336030e+07 2.312938931404666603e+07 1.341501162038518488e+07 1.399920674239475280e+07 1.136135320945369080e+07 2.009273806230614707e+07 1.724078957319408283e+07 1.056987306630703807e+07
1.915124619605484232e+07 1.942206313765817508e+07 2.523695574653495103e+07 2.277472090491053462e+07 1.545801475231024437e+07 8.324941418958216906e+06 6.628949180610045791e+06 1.489853256872423179e+07 4.402935469416258857e+06 8.691425053920788690e+06
2.448721725685389712e+07 1.765864094222177938e+07 1.735770980001894012e+07 1.967278638979600370e+07 1.575167212010131590e+07 7.149051305351202376e+06 7.986086166974339634e+06 9.153649698745006695e+06 1.431379593756499328e+07 2.052716105649503693e+07
2.610212813967525586e+07 1.372221688271613419e+07 1.582708851508890837e+07 2.069848352221565321e+07 1.451532364812332205e+07 1.575678133683577180e+07 1.816039468843562901e+07 1.731297510718877986e+07 2.950480652984369919e+07 3.081706927716980502e+07
2.414395346872728318e+07 1.167236062719665281e+07 2.199161168939297274e+07 2.821540693166625127e+07 1.032560581351102702e+07 2.193588553375396132e+07 2.621464650137274340e+07 2.894691757478072867e+07 3.742197298664063960e+07 3.708395401680742949e+07
2.090161087047786266e+07 2.074112973378743231e+07 2.515738504094622284e+07 3.397520329226410389e+07 3.241282346451374702e+06 2.033755532332284749e+07 2.654347812431959808e+07 3.385009875638717413e+07 3.372872343663983047e+07 3.903177766067140549e+07
1.577409283833300695e+07 3.195981928936229274e+07 2.147530502483994886e+07 3.194237621956791356e+07 1.841175462937291339e+07 9.428720722843552008e+06 1.643890470949580334e+07 2.792816903333729878e+07 2.083497961477083340e+07 3.560897866119823605e+07
6.758483030179867521e+06 3.616604421133513004e+07 1.466109056890278682e+07 2.463969438265121728e+07 3.932606240217246860e+07 7.544813363954896107e+06 5.981759646012529731e+06 1.467549409250693396e+07 1.884779200337469578e+07 2.462178123669711500e+07
1.377875696518844366e+07 3.031689406897564605e+07 1.167889494216094911e+07 2.497325837709496915e+07 5.352108174282462150e+07 2.177809196658764035e+07 2.239294172101076320e+07 1.603410186170090735e+07 2.811771363433322310e+07 8.910314486367153004e+06
2.554229639861828834e+07 1.825887463480765000e+07 9.169339067527817562e+06 3.157059120365746692e+07 4.763408133955782652e+07 2.508363522216479853e+07 2.836930502069068328e+07 2.348527032286199182e+07 2.295177099904002249e+07 1.493544434193859994e+07
2.571329158894131705e+07 5.832749670335541479e+06 1.133635598921214603e+07 3.643549830932913721e+07 1.556248796309816651e+07 1.909692491238956898e+07 1.515044900224774703e+07 1.648166783289548941e+07 1.218491999435220659e+07 1.907918765806474537e+07
1.582743026341381297e+07 1.055195523926798441e+07 2.009000017298545688e+07 4.587363714558865875e+07 3.534930321988897771e+07 2.344884476985028386e+07 1.418263599497737922e+07 1.136043830115880817e+07 3.209761618544918299e+07 1.111109572731015086e+07
1.079866545730656572e+07 2.171711956808214635e+07 1.803220508364923671e+07 4.937818397791370004e+07 6.997853972159980237e+07 3.057856140025585517e+07 3.103789763077574596e+07 2.568631465047009289e+07 3.943777232981795818e+07 2.529123890164456144e+07
2.161975378785067797e+07 1.708281209663668647e+07 7.347866158186424524e+06 3.569403340314143151e+07 6.250657317304687202e+07 3.055769831222627312e+07 2.081695296742359921e+07 2.124590142553270608e+07 3.371162520624933392e+07 3.633110489673820883e+07
3.089878914848025143e+07 1.090722835648930259e+07 2.857112023881920800e+07 5.481871124159738421e+07 2.823623993030485511e+07 2.994651574544698000e+07 2.144103960551891476e+07 1.193449679541501962e+07 3.540347783439981937e+07 3.021656531194490939e+07
2.237001887457960472e+07 2.996099995683129504e+07 4.349019913533309847e+07 8.172050245025475323e+07 4.213397873644646257e+07 1.125830423474435695e+07 3.461243956796051562e+07 3.506156313245487213e+07 1.696396278999369219e+07 1.850222212247395143e+07
3.405847965366446227e+07 3.057155055942652375e+07 3.711566240438529104e+07 5.171200891000376642e+07 4.151410170252489299e+07 3.047427655598128587e+07 4.760309799547830597e+06 3.989296064737785608e+07 3.486002854760133475e+07 3.629135677470085025e+07
4.762341460545435548e+07 1.995695693668999523e+07 1.958227698083389550e+07 2.629761020802258328e+07 2.417472200744524971e+07 3.922483734166803956e+07 4.331686731028483808e+07 2.771256978449869156e+07 6.115422585062034428e+07 4.230125931846597046e+07
3.774321157737442106e+07 3.214290367951379344e+07 2.200363805495640263e+07 7.206869674849170446e+07 3.153041210177973285e+07 6.564416149638485163e+06 3.208655882580054924e+07 1.352430620049003139e+07 4.562967145769906044e+07 2.236325108761611581e+07
1.556947967413266748e+07 3.092147471491668373e+07 1.012900413831671141e+07 5.213280034252166748e+07 9.406129007490593195e+07 3.075610596717334911e+07 3.023743517430616915e+07 3.413731364531694353e+07 2.140899931140467525e+07 3.239691068029858172e+07
2.381805865715704113e+07 3.260060433692022413e+07 2.523108212714442611e+07 1.568368624337542988e+07 4.794991865789919347e+07 2.635916478313673288e+07 3.817172207446464896e+07 2.687657466311479732e+07 5.718597964813801460e+06 3.830618628516376764e+07
3.363102706681953371e+07 1.754785732543481886e+07 1.503623841119690426e+07 5.499025064761067927e+07 8.442230129582111537e+07 3.188319441581784934e+07 3.856648532551757246e+07 4.705366449459762871e+07 5.914898455212859437e+06 3.660447463820312917e+07
1.892640781300547719e+07 3.342988517659343034e+07 3.680087685804735869e+07 4.328022307469950616e+07 9.377904323261263967e+07 6.041565881356271356e+07 1.758652859139080718e+07 1.217795099897830561e+07 3.256552704529017583e+07 1.739382006194940954e+07
3.978125278019045293e+07 2.979531130044713989e+07 5.668735761013571173e+06 2.713017239365606382e+07 3.394569873075170815e+07 4.860391907930963486e+07 7.557725755097137392e+07 3.634395247467957437e+07 1.171045135196516663e+07 9.958932710647953674e+06
3.736823966410247982e+07 3.407560844064451754e+07 1.712842268135524169e+07 2.929912772885839269e+07 6.143451386330367625e+07 6.528066335829052329e+07 3.408266164058573544e+07 4.561596305800051987e+07 3.752478112812869996e+07 4.734296127714648098e+07
3.677065602503562719e+07 4.124329104712171853e+07 1.734448149652058631e+07 4.801523846235182136e+07 4.325741746396615356e+07 1.918911244106469303e+07 9.628938913975900412e+07 1.822595191759740189e+07 6.475053974525810033e+07 2.608625918978007138e+07
3.491998357504101843e+07 1.443476154954956099e+07 4.011516321775522828e+07 3.514518191129551083e+07 1.388478699508374035e+08 1.124419848761061952e+07 6.555079219836796820e+07 5.257272611081472784e+07 3.538537212716739625e+07 3.041850929145702720e+07
2.603948883959896117e+07 3.597283731540466100e+07 4.808685832028800994e+07 4.416068222039698064e+07 6.551588947672136128e+07 8.375747620145794749e+07 4.537894598652514815e+07 1.706304698658099025e+07 2.530982895394093171e+07 6.783842565614794195e+07
5.579141647666792572e+07 3.562619862787938863e+07 2.207361217182548344e+07 3.626906518441998214e+07 6.289721847919646651e+07 7.959485759722499549e+07 4.376772167072539777e+07 4.439686626312166452e+07 1.997502804629229009e+07 3.826692033923444152e+07
4.533852331445600837e+07 6.671943902265483886e+07 2.355157157425301149e+07 1.108430546334386766e+08 9.342940579409232736e+07 3.101004417312540486e+07 2.442795932538366690e+07 3.455561753144958615e+07 3.676369340123514831e+07 7.196396093296802044e+07
6.344350063769070059e+07 2.230206420150761679e+07 2.182888365425804257e+07 8.098813904295982420e+07 7.304654702421298623e+07 9.955725880527597666e+07 1.603191827684566192e+07 1.504338568551275693e+07 6.736977746133527160e+07 3.404571910842069238e+07
5.542752868172106147e+07 6.950058267616847157e+07 2.673220720825684816e+07 2.877503832205428183e+07 9.536642966203802824e+07 6.924518763269393146e+07 1.989705519177460298e+07 1.220911557174967229e+07 3.299136615566703677e+07 7.489472556490714848e+07
7.692634719010032713e+07 2.342628522276468575e+07 2.391093213021792099e+07 6.565684794619334489e+07 1.229069383847324550e+08 6.831031887208732963e+07 3.499234043166169524e+07 2.993812857938225567e+07 2.479875396031999215e+07 2.601984649644435942e+07
3.594182249278010428e+07 2.796367925579475239e+07 2.943253438078124449e+07 8.897164918590545654e+07 1.127841627741640806e+08 7.631555735594987869e+07 2.521494403397882357e+07 4.017111285604164004e+07 5.647366552602545917e+07 1.512432228169710003e+07
6.389182027578005940e+07 4.033027044624736905e+07 1.049789664496821314e+08 8.372987868485909700e+07 6.875176755247813463e+07 1.384017547745768726e+08 2.985420739465431124e+07 8.679967764122454822e+07 5.597374620876329392e+07 6.763007647922788560e+07
6.194191218016958982e+07 7.408529094909280539e+07 2.976082145810428262e+07 1.252280476948939413e+08 4.815074698351218551e+07 1.147755472698091716e+08 2.993050239252235740e+07 9.449792914683370292e+07 1.265567476118182540e+08 3.608454886183601618e+07
6.750930726208662987e+07 4.039395858931421489e+07 3.046867409755943343e+07 3.914297422593146563e+07 9.837050174507489800e+07 1.008063368051413298e+08 5.780985710292880237e+07 6.523717684239999205e+07 5.140288594946179539e+07 4.219310700344039500e+07
5.522202039052900672e+07 8.146175845593452454e+07 2.696359110538834706e+07 1.264402648326011449e+08 5.543305599000412971e+07 1.928725400870458186e+08 6.904481806159962900e+06 1.667392965852565318e+07 3.850842704935945570e+07 7.426411310489976406e+07
4.497999807247955352e+07 6.877884374550981820e+07 2.043952013540717587e+07 4.387458537400643528e+07 1.114327446335435063e+08 1.655130453346715271e+08 6.434807155307522416e+07 2.952640856893305480e+07 6.080088753391285986e+07 3.149356392578190193e+07
5.198357253742547333e+07 4.826962058237075061e+07 2.099172034082752094e+07 6.108647511515291035e+07 6.337875514589042217e+07 2.241382370885285735e+08 9.569179807166871428e+07 8.991801657152199745e+07 1.228396909369002581e+08 4.704276666234049946e+07
2.334571820436432213e+07 3.949207566015028208e+07 4.517002043060229719e+07 5.927116749015781283e+07 1.281849480124980509e+08 1.756522052066097856e+08 4.836207321478177607e+07 1.087549365830583572e+08 8.065158158437912166e+07 3.757542369503677636e+07
5.253579613828112930e+07 2.061006203273293376e+07 9.601298789299473166e+07 1.306736406305113435e+08 9.535183652735544741e+07 2.890000491245273948e+08 8.996766096326200664e+07 1.340112417474838793e+08 7.360525544706813991e+07 1.022218711086824089e+08
2.732479332993397862e+07 1.669261793986082450e+07 4.976713503885952383e+07 8.340730715785425901e+07 4.622302212831709534e+07 3.645678649041507244e+08 7.094215670391963422e+07 7.518297821892559528e+07 1.008134157153897583e+08 1.044710316139358133e+08
1.582137850870325267e+08 3.192072522093588114e+07 9.852799609237793088e+07 1.101084355710441321e+08 1.622791881771537662e+08 4.036460169572858810e+08 2.878086999678782001e+07 8.758666205006083846e+07 6.073706357113429159e+07 4.030376350222305208e+07
1.284703676138557196e+08 3.318370800200226903e+07 1.183444697133344412e+08 1.429821827064469755e+08 1.425137082110352516e+08 3.482733589909625053e+08 5.824164363737930357e+07 9.200660116540494561e+07 7.181787659138020873e+07 6.999162234549145401e+07
6.464756768639981747e+07 1.241379197201469839e+08 7.770667801576295495e+07 1.106013948652465194e+08 6.321882859059006721e+07 4.695399139145705104e+08 7.026222664494517446e+07 1.086414666186628342e+08 1.043516933177187443e+08 3.453108560947935283e+07
1.022741280911772698e+08 5.451832401546961814e+07 1.471538187283693068e+07 6.218952222771210223e+07 9.156342350071576238e+07 4.292395772129368186e+08 5.645041595054573566e+07 9.730798150007654727e+07 2.379415493118408695e+07 6.083342550978741795e+07
7.585873742626143992e+07 8.910379065790547431e+07 7.387276275667971373e+07 1.036051356375412792e+08 3.344730656293122098e+07 5.898340164554078579e+08 2.562192110918613523e+07 5.399172195879740268e+07 1.741384265617588460e+08 9.104826341516214609e+07
8.799353966491465271e+07 8.714454691943408549e+07 1.686368109148268402e+07 4.625829161370030046e+07 1.121096393768949956e+08 5.600266269432700872e+08 6.925060436399263144e+07 4.034678323304484040e+07 3.541664241076894104e+07 7.621759406943286955e+07
1.005566650034402311e+08 5.426801358983867615e+07 7.298907328527806699e+07 1.262757681488250196e+08 1.600831669501686990e+08 7.493358473641023636e+08 4.720696660820495337e+07 1.250133606211593747e+08 1.310591486878431439e+08 1.155265075597507060e+08
6.938765597959659994e+07 7.696515094314269722e+07 2.298079777959889919e+07 3.501125307269182056e+07 7.865100438058468699e+07 8.455445725423996449e+08 3.456142080425368249e+07 1.955170357415520400e+07 8.421084745376409590e+07 6.947007492942370474e+07
8.391611042660775781e+07 7.019296043155010045e+07 1.093070879851489961e+08 6.070274767060437799e+07 8.671533230624003708e+07 9.733328074203323126e+08 2.499555894983547553e+07 1.880983782342651486e+08 1.470240931085155010e+08 5.311597656120788306e+07
1.109268961921593249e+08 4.902827576951217651e+07 1.302173719563078731e+08 9.653054583206345141e+07 4.627700816953197122e+07 1.034783525750933647e+09 7.925499189466078579e+07 4.787287003414275497e+07 5.488758020666058362e+07 8.308083489536644518e+07
6.762210405667723715e+07 1.218891156413105130e+08 6.403282048166620731e+07 1.749373864312948883e+08 1.194212136128766984e+08 1.197094670503449917e+09 7.264577654380002618e+07 5.564181027424266934e+07 4.731964754539508373e+07 9.851677751511810347e+06
1.659692860433661640e+08 3.014359276186065003e+07 4.848768339278756827e+07 1.110877425307665914e+08 1.812716805901020393e+07 1.338521212890462399e+09 1.408241659018462598e+08 1.402476714379457235e+08 4.922421540324843675e+07 1.042996892653481513e+08
9.212854365902033448e+07 6.281956615062148869e+07 4.517536266870484501e+07 5.201605035292387754e+07 4.959421062366483361e+07 1.513503318589459419e+09 6.817749965496732295e+07 1.448680084239468277e+08 1.359153135390484035e+08 5.393325663597572595e+07
1.559118041482834220e+08 2.290907733932374045e+07 1.025660732305884212e+08 9.909498696186575294e+07 2.538034187473289669e+07 1.713653016492736578e+09 1.183897208044662625e+08 7.620455724083802104e+07 5.214321710418945551e+07 1.168001558992688656e+08
1.440878962905012667e+08 2.403704561522853971e+08 6.576856675969728827e+07 1.217245997084437758e+08 9.229938698300892115e+07 1.789111071287143707e+09 5.791354176866204292e+07 2.288864790141416341e+07 5.507662297741643339e+07 1.162206956595907509e+08
1.081731904062328935e+08 1.575430025382406078e+07 4.862948026629737020e+07 5.939621471818087995e+07 8.098066837385557592e+07 2.221039023063924789e+09 1.567065275554797649e+08 5.566187280358181894e+07 9.727214210868118703e+07 1.040040129674545228e+08
1.774858385453544855e+08 1.269428377150143683e+08 3.933638171575353295e+07 1.917382782654951811e+08 7.558097618697854877e+07 2.581468961359669209e+09 1.358467937943381071e+08 3.470259986668115109e+07 1.025209303748792708e+08 5.474958212178009748e+07
