1.094728914897303842e+07 1.098255161439283006e+07 1.075187996435880661e+07 1.028090804956507497e+07 9.745408022135930136e+06 9.403320554773792624e+06 9.418619763318462297e+06 9.762042884086774662e+06 1.025220539414996654e+07 1.068664014954955317e+07
1.130458103026550077e+07 1.135126316484900191e+07 1.108908846648544073e+07 1.053062775431676023e+07 9.884209493422212079e+06 9.471224414477771148e+06 9.494221099481103942e+06 9.912446773058643565e+06 1.049778863971405849e+07 1.100445323917291500e+07
1.150796312129453756e+07 1.156982492739755474e+07 1.127821541626364179e+07 1.062192600771022774e+07 9.845846812579294667e+06 9.350204794629668817e+06 9.384060489818809554e+06 9.891032423257205635e+06 1.058489943681851961e+07 1.116826236366842873e+07
1.150815112914991006e+07 1.159016949090511538e+07 1.127515191626664624e+07 1.051205534386032633e+07 9.586001302735328674e+06 8.995257682613788173e+06 9.044255787155786529e+06 9.655512920519040897e+06 1.047100392377705686e+07 1.113213056956615672e+07
1.124897392126503773e+07 1.135769702344742604e+07 1.103126738204776123e+07 1.015523983296049945e+07 9.057812277114951983e+06 8.359488383470294997e+06 8.429383900543350726e+06 9.161739903780587018e+06 1.011057068284584396e+07 1.084505212704742327e+07
1.066843123181959242e+07 1.081238687306482159e+07 1.049522912946155109e+07 9.505128545486709103e+06 8.214559010265027173e+06 7.397327210689711384e+06 7.495822858222521842e+06 8.366654553192136809e+06 9.457430900152429938e+06 1.025263526620691083e+07
9.700929962527262047e+06 9.891011645467618480e+06 9.616072967044947669e+06 8.518740987972164527e+06 7.013730120216434821e+06 6.069703852668494917e+06 6.207208834403768182e+06 7.232935799489836209e+06 8.468447161812771112e+06 9.300041722232563421e+06
8.281402756227171049e+06 8.530924473665431142e+06 8.347943059451468289e+06 7.162625482066148892e+06 5.422773872949859127e+06 4.353184447018740699e+06 4.544516565946573392e+06 5.736533378981427290e+06 7.108826796000725590e+06 7.936702327175574377e+06
6.353304229412893765e+06 6.676308327273721807e+06 6.657116410864821635e+06 5.423344397923024371e+06 3.426746716954173986e+06 2.269630989532514475e+06 2.539865655342880171e+06 3.882639373035323340e+06 5.359506147754443809e+06 6.123918127233302221e+06
3.892845282342268154e+06 4.290672526399220340e+06 4.533142623275766149e+06 3.335414483125421219e+06 1.038020480633380241e+06 8.119946214320573490e+05 9.219954813093729317e+05 1.794372959781501908e+06 3.228100390643003397e+06 3.850906153395700268e+06
1.249855983042283449e+06 1.443672861213620054e+06 2.023481637199062854e+06 1.266144844202928012e+06 1.694042841328232083e+06 3.301453765804190654e+06 2.989236452141328715e+06 1.484133407146521844e+06 8.031892191501769703e+05 1.268877969432114391e+06
3.295241605009218678e+06 2.377134039641591720e+06 1.168540382102051284e+06 2.425005797390511259e+06 4.667419428893240169e+06 6.310699763610309921e+06 5.861860923901657574e+06 4.009060567831939552e+06 2.059087683963409159e+06 2.358040806555273477e+06
7.463714715492105111e+06 6.331492469793615863e+06 4.219936080851190723e+06 5.205835754893103614e+06 7.721951217726806179e+06 9.354973476707821712e+06 8.782924508244570345e+06 6.799507537044750527e+06 4.912843219471539371e+06 5.813425200039937161e+06
1.214550156682771817e+07 1.070857806005008891e+07 7.442229115991845727e+06 8.019474600642516278e+06 1.062952836781644821e+07 1.214858413434925675e+07 1.146154166505121626e+07 9.457883919825943187e+06 7.694596356305941008e+06 9.495219304505880922e+06
1.709657260556555167e+07 1.526702119790756702e+07 1.047523455410523340e+07 1.051613681237948686e+07 1.309735552996475808e+07 1.433986124729265831e+07 1.356814763396591321e+07 1.168772179575604200e+07 1.012208535735633411e+07 1.311254595754600130e+07
2.203567562335775793e+07 1.971925800154993311e+07 1.296739605451882631e+07 1.236232301473268867e+07 1.478517946289364435e+07 1.551098661666213535e+07 1.473669086509031057e+07 1.317052573152001761e+07 1.186778207729426771e+07 1.634277997713763081e+07
2.660421572813299298e+07 2.370264836636840552e+07 1.450916695844621211e+07 1.322179452740764990e+07 1.534674068660006672e+07 1.520601964037898555e+07 1.462616823968349025e+07 1.359266299026463553e+07 1.258029813198687881e+07 1.881082330207919329e+07
3.037610673922919482e+07 2.679700735229508206e+07 1.466429371240441315e+07 1.282479382059905492e+07 1.451111578297532536e+07 1.298666986368000507e+07 1.308748495097992755e+07 1.271051302838095091e+07 1.193749566745726019e+07 2.012731623248376325e+07
3.289303419452547655e+07 2.856957205373097211e+07 1.303328433614117093e+07 1.112323663705234230e+07 1.224823197394358926e+07 8.537175173147860914e+06 1.069907613435245678e+07 1.046546607200506330e+07 9.735909490647172555e+06 1.997202356610595435e+07
3.372780133465134352e+07 2.865306410055559501e+07 9.351664875990971923e+06 8.689547528598293662e+06 9.216832781294276938e+06 2.463020047439579386e+06 1.031165176712262258e+07 7.259643932033137418e+06 6.078914639235242270e+06 1.825582820542893931e+07
3.257875983617366478e+07 2.686386470267964154e+07 3.667040916480069980e+06 7.682826306446157396e+06 8.021471492592113093e+06 8.411757318154307082e+06 1.544848494407323748e+07 5.133151786282906309e+06 2.894595169281126000e+06 1.546696541153403744e+07
2.939652286898245290e+07 2.337044825160502270e+07 4.159850084740329534e+06 1.031141325110243820e+07 1.131842552808893286e+07 1.954525074113792926e+07 2.437778578973224387e+07 7.585095482402803376e+06 6.824960748608687893e+06 1.339444513800530322e+07
2.454931980673921481e+07 1.893428905788868666e+07 1.247584841207519732e+07 1.436624183315919712e+07 1.636573124988340773e+07 3.183307464221378416e+07 3.437776464596317708e+07 1.200563087887800671e+07 1.249033182635618933e+07 1.491996886532418616e+07
1.906299768560126424e+07 1.518071672466702946e+07 2.042743806127167866e+07 1.691925239475445449e+07 2.011940281567958370e+07 4.401118304912104458e+07 4.326133264630895108e+07 1.596257485448051989e+07 1.693956451481265202e+07 1.988417365402848646e+07
1.492695094918411970e+07 1.399927095629490726e+07 2.623288813445482031e+07 1.594529766686564684e+07 2.060686320849110931e+07 5.473157443931778520e+07 4.886782786640870571e+07 1.911580731864073128e+07 1.884902257540105283e+07 2.523787834087738767e+07
1.425657205166837946e+07 1.481894641784440167e+07 2.812762697196777537e+07 1.103803546962641366e+07 1.665021052112953179e+07 6.270633320662838221e+07 4.916809155686128139e+07 2.252847401561173797e+07 1.761446191903723404e+07 2.833364861504190043e+07
1.601781210857207887e+07 1.476000838470021822e+07 2.486803221086424589e+07 1.120128369450568035e+07 8.376513474510302767e+06 6.681806290732409060e+07 4.274861257465067506e+07 2.751197792618094385e+07 1.407144700503703579e+07 2.736598110174677148e+07
1.721330797867093608e+07 1.174821918507427163e+07 1.642716796215397678e+07 2.578024957408852130e+07 5.050873240838909522e+06 6.603730237426092476e+07 2.959842191852399334e+07 3.341165947760399431e+07 1.143459208346814848e+07 2.154640031360219046e+07
1.616478548888182454e+07 5.428192617688479833e+06 4.744754064381917007e+06 4.390471234142468125e+07 1.595650853148008324e+07 5.925034955215194821e+07 1.303028633088504709e+07 3.740124526226964593e+07 1.231971648787743971e+07 1.186393217780627497e+07
1.269241550576870516e+07 3.655900774690940045e+06 7.480334043449171819e+06 5.852808022150421888e+07 2.358952216012021527e+07 4.546059548959225416e+07 1.411332538589549810e+07 3.661653396373510361e+07 1.271358298147787526e+07 8.120343969986866228e+06
7.799633001784618013e+06 1.209724431912223063e+07 1.405483001192129031e+07 6.368570488755317032e+07 2.393977893445175141e+07 2.493242275931630656e+07 2.697779018919616193e+07 3.078812170912400261e+07 8.691777202838039026e+06 1.877572469024891779e+07
3.705829770560778677e+06 1.805625133905579522e+07 1.231847500542951375e+07 5.548568372570085526e+07 1.609485927179853804e+07 6.239999317094080150e+06 2.961739828449870273e+07 2.417993003886498883e+07 3.436498753663834184e+06 2.680718450856215134e+07
4.447150343379084952e+06 1.956526364047664776e+07 1.229359051629689708e+07 3.459585746643951535e+07 3.943710392121565063e+06 2.421772492873157933e+07 1.801912614746331051e+07 2.141284714981182292e+07 9.568807054241828620e+06 2.566914935317895189e+07
1.106218633667072468e+07 1.642999839289307222e+07 3.169420035781217739e+07 9.226210395216522738e+06 9.751510717151997611e+06 3.440757263849722594e+07 4.817573050204548053e+06 1.696799838906194642e+07 1.124776946966889314e+07 1.243582508780854195e+07
2.246897137974492833e+07 1.094611216510132514e+07 5.311645525948132575e+07 1.703474378382099420e+07 1.265902560637737438e+07 2.456899325796967372e+07 2.225039546973737329e+07 4.097190676246515941e+06 3.570300387806751300e+06 1.252590636942699738e+07
3.200132786861275882e+07 1.022212415002635121e+07 6.313628380823157728e+07 2.201582277919445559e+07 3.100849540473475121e+06 6.183301751805321313e+06 2.393335559486207366e+07 1.410114690076520853e+07 1.195346186139032803e+07 3.548943653152190894e+07
2.704881431607995927e+07 1.546750417874736153e+07 5.370290205536098033e+07 8.917352706703698263e+06 1.590380380684497580e+07 4.553614671267779917e+07 2.076285255362053588e+07 2.730298718082072958e+07 2.256721750036251545e+07 4.184921082938270271e+07
1.105848787707045116e+07 1.952561786546400562e+07 2.739105564927100390e+07 2.372808571506994590e+07 3.376992275838676095e+07 7.097234171991775930e+07 4.122454268627264351e+07 2.791143146328885108e+07 2.317451039853591099e+07 2.217338482403367758e+07
5.734842799787561595e+07 2.276178763475075737e+07 1.486005073436544836e+07 3.889003612917355448e+07 4.076048027930863202e+07 6.147241691338411719e+07 4.507759763356977701e+07 1.896726323583251238e+07 2.232102513853388652e+07 3.287231737195946649e+07
9.740236122397875786e+07 2.373939671883221343e+07 2.968744181122216582e+07 3.111238605118416250e+07 3.581376718491243571e+07 1.887843122862494364e+07 2.272066477330419794e+07 8.317626732197091915e+06 2.079785570719851181e+07 6.148293929284436256e+07
9.020255775669258833e+07 1.128857652086675726e+07 3.101214263330079243e+07 4.019439806114000082e+07 2.386672324824168161e+07 2.543638089005116746e+07 3.340609168817598373e+07 2.569531451407398283e+07 1.108699639925436676e+07 4.650043080807444453e+07
3.267099610045952350e+07 1.733102603794440255e+07 3.368134657498552650e+07 5.543247001503432542e+07 1.596006827165579982e+07 2.259179190950838849e+07 3.154599271698283404e+07 4.133801096136372536e+07 2.554705726642001048e+07 1.921316224712325260e+07
3.146407654898152873e+07 3.719693976345035434e+07 2.734526813952661678e+07 3.279054077251468971e+07 2.346180074802606925e+07 2.021246510391984880e+07 1.505634638933617808e+07 3.051083273218807578e+07 2.156361733366937563e+07 3.831551681970080733e+07
4.281588760348081589e+07 1.155897051314512454e+07 2.589189322284736112e+07 1.657479670802341960e+07 1.154685630546273105e+07 2.318860935830413550e+07 3.286307695856294036e+07 3.968907485266764462e+07 1.351838372081130184e+07 1.280721901068117842e+07
5.675459899024055898e+07 6.627525925706592202e+07 4.035509381561066210e+07 2.545934118299002945e+07 1.413982446924540959e+07 6.257664478172216564e+07 6.308007716921913624e+07 1.956383170945862308e+07 3.065113754927854612e+07 7.356494699997252226e+07
6.890700107035174966e+07 1.010312291172076464e+08 3.010029546593860537e+07 7.676630600661982782e+06 2.082299659760338068e+07 9.689804205518794060e+07 1.438802439815511703e+08 3.519780228017014265e+07 3.585562546796473861e+07 7.870071876470071077e+07
2.553538397513226047e+07 3.354233587676358223e+07 6.629868705140866339e+07 2.172299918532164767e+07 3.507510304415878654e+07 2.401020314677249268e+07 8.844611279683096707e+07 2.100646249186858907e+07 4.396498284568095207e+07 1.893056862411605567e+07
2.839938112688812986e+07 4.245296535545618087e+07 6.831414025570228696e+07 1.399744688388475217e+07 3.323642849992675334e+07 5.262236310372743011e+07 3.743407831203516573e+07 2.719194122501365840e+07 1.914492030374684185e+07 1.744210248351889849e+07
5.649441288236029446e+07 2.239805126406091452e+07 5.343419797834537178e+07 3.257119892847004160e+07 1.399171754237261415e+07 4.069198346918352693e+07 2.271098220775061101e+07 2.654043182006321847e+07 3.770901263492006809e+07 2.850534200185136497e+07
4.541034988543108851e+07 3.803476572798144072e+07 3.821683743540120870e+07 1.211956530631222948e+07 4.071513986332403868e+07 5.285808545358448476e+07 4.845794363628660142e+07 5.537223167540677637e+07 3.911833720396143198e+07 3.141607322365205362e+07
2.547327779751427472e+07 5.522411323994594067e+07 4.053123171018245816e+07 3.266020716247096285e+07 1.596184620426461473e+07 6.075560301653542370e+07 4.142404640459051728e+07 2.783257202814592049e+07 2.529947527945157513e+07 1.354246245103752054e+07
5.903710966451901942e+07 6.047732697464358807e+07 6.362918597375562042e+07 1.835998609158269688e+07 4.826546853734441847e+07 6.746812026149269938e+07 3.592793298114863038e+07 5.310505733389296569e+06 5.003366560688122362e+07 1.218826166901472211e+07
9.026925061876162887e+07 1.017239146639220566e+08 1.352864909461854212e+07 1.495283605832514912e+07 2.921712623082028329e+07 2.012019498871994019e+07 2.075647906976145133e+07 4.412072787623712420e+07 3.849887595143502951e+07 2.884001360356712714e+07
2.642056809412724152e+07 5.102087416762403399e+07 5.755739192208886147e+07 7.794583192496237159e+07 4.335998535433617234e+07 6.231247176105701923e+07 8.459284837379494682e+06 4.615961751570649445e+07 3.563601771074658632e+07 1.868189082052781805e+07
1.029932543872815073e+08 4.148500207614582777e+07 6.107559225469341874e+07 2.273913252161321416e+07 2.967758538680642843e+07 3.192294531982668862e+07 8.609180896039561927e+07 3.434207516312633455e+07 2.919579642786710709e+07 3.265999099735583365e+07
3.777700412194155902e+07 3.681875532413520664e+07 7.688825644784568250e+07 2.438792296294107661e+07 4.114301759970732778e+07 3.504267661695096642e+07 4.782794138138405234e+07 2.801269414962735772e+07 5.510738446478784084e+07 9.381212575571680069e+07
1.643975294024028257e+07 3.789411891048591584e+07 3.633545705325567722e+07 1.255399024172074534e+07 3.080481431050392240e+07 2.688422707048378140e+07 3.740070249203180522e+07 7.277008187165713310e+07 1.097042128381437659e+08 3.780137296573395282e+07
6.636537604127977043e+07 3.291545465744876489e+07 2.829164246021325141e+07 1.475162047627805732e+07 2.564521095754057541e+07 2.328132983435826749e+07 1.428114004916419387e+08 4.440991349235047400e+07 3.338120763591248542e+07 5.072836476645046473e+07
6.364132284305868670e+06 4.536944863161363453e+07 5.547184487224358320e+07 2.878580035890590027e+07 4.540424043926119059e+07 3.728271908960720152e+07 2.291688410405702516e+07 4.936702108062056452e+07 1.289400233821037114e+08 2.558597921311314777e+07
4.138744644396740943e+07 5.765460888784056157e+07 8.043087794408228993e+07 1.650085524682243541e+07 5.070208536674825847e+07 4.281924291476033628e+07 2.882332918082242459e+07 6.499881940390825272e+07 9.787864851348763332e+06 2.728786174799514003e+06
1.931484642520037666e+07 5.679909912980889529e+07 4.956520078387018293e+07 2.284347370629493892e+07 7.179661368524676561e+07 8.729355663519573212e+07 1.559496619932885468e+07 4.176551016411419958e+07 6.274739065016739070e+07 4.107927849326213449e+07
5.705237705190598220e+07 8.830069854004548490e+07 5.464238205549912155e+07 1.225318659501822442e+08 4.717542949368476123e+07 6.018222768205571920e+07 1.948242528779956326e+07 3.089071551277719438e+07 1.367762144310074151e+08 7.616063057971899211e+07
1.091556280985820293e+07 1.154015603605342358e+08 4.986787588248371333e+07 3.540776369933738559e+07 5.111327794175501913e+07 7.645737838903009892e+07 1.185133546896396428e+08 7.545526069105713069e+07 6.676125084622250497e+07 3.718891238299529254e+07
8.236765155996081233e+07 4.882518696883381903e+07 6.747267158361124992e+07 1.350357021539468132e+07 5.341919307774093747e+07 5.482510994883903861e+07 1.889670406634382904e+07 4.918222066850778461e+07 3.560822551186671853e+07 4.584518649728811532e+07
5.876262531688562036e+07 8.522589995493154228e+07 5.252035912614314258e+07 7.840175224311874807e+07 6.514912368671472371e+07 1.154370688295691162e+08 7.346537409647187591e+07 7.459478094437097013e+07 2.087081585388755426e+07 4.336497831673682481e+07
2.376321634610209242e+07 1.002253359308112115e+08 8.776767536225120723e+07 8.340875865435515530e+06 4.209210913275258243e+07 7.125620704322178662e+07 3.675867015241270512e+07 1.101996280519726314e+07 4.238047646043854952e+07 1.617996409319249913e+07
7.849894369219818711e+07 4.502221735091986507e+07 5.318948326786600798e+07 7.259788224767562747e+07 3.354312108371958137e+07 7.984306118672297895e+07 5.260488915333337337e+07 6.857800214322796464e+07 1.302823151674119681e+08 1.343299943418530747e+07
5.264370509019839764e+07 7.017365773023186624e+07 4.066142007969141752e+07 4.768183591636710614e+07 5.291726395316123217e+07 1.619698927988959849e+08 7.896191090373422205e+07 8.707675330432154238e+07 7.824024944800345600e+07 1.505078169587346911e+08
1.201842077817572653e+08 8.249453971893076599e+07 1.200169679652919620e+08 1.397714029786109328e+08 4.389588828730880469e+07 6.020010621593213081e+07 3.483476534951385111e+07 4.694076165782431513e+07 4.767221861297640204e+07 7.621860582447509468e+07
9.881730899840988219e+07 9.706724752590125799e+07 1.019789324915247560e+08 3.133820372960526124e+07 6.479794364041778445e+07 7.340611931701380014e+07 1.767142703482623398e+08 7.741205078351931274e+07 1.250053777186875194e+08 4.714331528567409515e+07
1.288233830626845211e+08 8.268357405729874969e+07 1.870479944518545270e+08 6.699790867840428650e+07 8.804836315300823748e+07 1.650958727596766651e+08 3.283171037410184368e+07 8.309310579462751746e+07 8.076921237360078096e+07 1.612950532193279080e+07
1.150331868669429868e+08 8.730694545374822617e+07 1.105316463485195041e+08 6.823584124836111069e+07 9.905779168812546879e+06 1.097983590335394815e+07 6.946332171281971037e+07 1.591404273575516343e+08 6.768977945270015299e+07 3.007952324318853393e+07
1.364943339111605585e+08 9.262165597693543136e+07 3.014901720590297580e+08 4.208637803044093400e+07 7.562107886617504060e+07 6.535627177197448909e+07 5.938824092075001448e+07 6.006104638036756963e+07 1.006832476782493293e+08 5.542936527949560434e+07
2.179321697161775827e+08 4.918572347433649749e+07 1.704836035139366686e+08 4.265934622383886576e+07 1.540201330170086026e+08 6.482972301367891580e+07 6.310097542631167918e+07 7.540875424061433971e+07 5.593862982483089715e+07 1.056637029111948162e+08
2.978072065353311226e+07 1.623875691170248389e+07 2.537064620758884847e+08 8.689511162378184497e+07 7.760681293320487440e+07 1.588043107349450290e+08 4.472444264238131046e+07 3.943044137704461217e+08 8.619169921119864285e+07 9.877743550844675303e+07
5.326660196092987806e+07 1.157761373248343319e+08 1.565604149356813729e+08 1.034714263393110931e+08 6.261958011861604452e+07 7.913246295654083788e+07 5.135611466205795407e+08 2.351967815171966255e+08 1.059417158150744140e+08 4.176794673889140785e+07
1.463735813348369300e+08 1.012942390566840023e+08 7.874836273182423413e+07 3.673863076996666938e+07 5.556793135676284879e+07 1.452311843643458188e+08 1.956804323724518716e+08 5.878661932562570274e+07 1.330251318404942900e+08 1.532343266207127832e+07
1.855567602398020625e+08 2.858556995680528879e+08 1.616990899523404837e+08 1.275386757623616010e+08 1.131378730074263811e+08 1.285687700849049538e+08 1.873932438806134462e+08 1.187878587575458884e+08 1.388335341964697838e+08 9.362676717936049402e+07
2.905729652604071423e+07 1.539880951210246384e+08 1.126272098529465348e+08 1.193530063805677295e+08 6.370000688949496299e+07 1.993210811460579336e+08 6.940548839541189373e+07 1.551484734585793614e+08 1.408273120794623792e+08 2.594010631353964284e+07
4.667431816486762464e+07 1.448572677341204882e+08 1.255219721043227315e+08 6.964599626587064564e+07 7.747328632880686224e+07 1.706560829775462151e+08 1.241804779961168021e+08 1.709390407106114328e+08 1.509141388141734600e+08 9.131899239478003979e+07
1.685716753922642767e+07 1.964655651060790122e+08 1.635764811846065819e+08 8.340924228982530534e+07 9.927357304496425390e+07 1.348718467944396436e+08 1.723591983862481415e+08 2.275565776640630960e+08 3.796623251102269441e+07 1.045758261244649291e+08
4.947817015235464275e+07 1.504768314649042189e+08 1.755587717383506000e+08 8.701716394934573770e+07 3.517881218640872836e+07 5.172113444353192300e+07 4.629867190250092745e+07 2.020761296871823072e+08 2.765110495148624182e+08 1.362223680668860972e+08
5.211876097326635569e+07 1.808820379104947448e+08 4.793998462135718763e+07 7.541809836188189685e+07 5.190296445847976953e+07 1.672485301020441949e+08 5.430245718640978634e+07 1.938229372435031533e+08 2.323380293743232787e+08 6.077274030074875802e+07
5.607298541833797097e+07 1.483395625418754220e+08 2.747835737888889909e+08 9.434215977282418311e+07 6.766505426642465591e+07 2.754441199466525316e+08 1.051727886041726917e+08 1.429013994624708891e+08 1.147167779855990708e+08 9.055596796254546940e+07
1.575762682091207057e+07 1.528769309895329177e+08 1.948330965010715127e+08 9.719376169517655671e+07 1.056664045221786499e+08 2.185232262514799237e+08 4.600965686172542721e+07 1.670626401652589142e+08 1.989327335348443985e+08 1.158141850656018108e+08
4.489568191013775021e+07 1.407337612980459034e+08 3.512289318281629086e+08 1.204609473343580812e+08 1.561534927620157003e+08 2.232165498654908240e+08 8.615575276405608654e+07 2.214288162005111575e+07 1.614465534134253561e+08 9.371953240169340372e+07
1.038417421809950471e+08 1.736899659572530389e+08 2.194621978140135109e+08 6.448080271490322798e+07 8.604727262907722592e+07 1.172237221626336277e+08 1.743114260413599387e+07 1.124717712794760466e+08 1.645275936859496832e+08 5.211871975083962828e+07
1.524671344916388094e+08 1.188712829329906255e+08 1.823802953547420800e+08 1.829333831740497947e+08 4.242109207424132526e+07 3.595228253872891068e+08 5.723823288309945911e+07 1.398597196660325527e+08 2.229227844418563843e+08 5.781246572279591113e+07
6.302369201610140502e+06 3.227974195083437562e+08 1.513739999719817936e+08 1.536078209188375175e+08 1.628638517163257897e+08 3.633130480928417444e+08 6.875617462916263938e+07 2.506818672698599398e+08 1.281361624625130594e+08 9.028587239535449445e+07
