2.477392931987977587e+06 2.574290418539621867e+06 3.115668428477019537e+06 3.515876778281382285e+06 3.580849795161691029e+06 3.690276846584474668e+06 4.087764323869662359e+06 4.347935787778150290e+06 3.944402877965544350e+06 3.077600629336245358e+06
2.010820479378356365e+06 2.157169949532470666e+06 2.847118695762251038e+06 3.313751423228392377e+06 3.315802916659517214e+06 3.393231610394079238e+06 3.906414437378163915e+06 4.290028077217429876e+06 3.819788043312968221e+06 2.745455497522067279e+06
1.391612714211250190e+06 1.604707917497722898e+06 2.479776222231481690e+06 3.019402650687946007e+06 2.922070875153435860e+06 2.940950555816305336e+06 3.600424921877385583e+06 4.153333478935925756e+06 3.610381196912910789e+06 2.284929324408501387e+06
6.093686252594268881e+05 9.102645983668526169e+05 2.013071718470535940e+06 2.631948581616958138e+06 2.388392775751736015e+06 2.310007722580776550e+06 3.151779963751052041e+06 3.933216035182621796e+06 3.312578842203252483e+06 1.686737978542833123e+06
3.484389247719911509e+05 1.112662287069541198e+05 1.455658935487908777e+06 2.159786481347273104e+06 1.717984635136201745e+06 1.484524938648376148e+06 2.546214252268903423e+06 3.631097603877754882e+06 2.929354634351363406e+06 9.517650958829476731e+05
1.452721962656728458e+06 9.065270348260923056e+05 8.338821350679899333e+05 1.626909692974578356e+06 9.789892685088778380e+05 5.163802804484751541e+05 1.777733069038586691e+06 3.257614073385289405e+06 2.473617278370268643e+06 2.052767654441182385e+05
2.689211903026830871e+06 1.975587946533757029e+06 2.940338395445485367e+05 1.089994999901226256e+06 7.563440773517754860e+05 9.633833294766234467e+05 8.673739913310079137e+05 2.836977683749753982e+06 1.973722913626528345e+06 9.694780334338033572e+05
4.004392400337426923e+06 3.101565092143877875e+06 6.621233186746429419e+05 7.053905765705413651e+05 1.631316923195363488e+06 2.419513399365088437e+06 4.611947396276517538e+05 2.413152979847551323e+06 1.485322211020358838e+06 2.038159882768176030e+06
5.319708151017390192e+06 4.214948825160378590e+06 1.274399883131572278e+06 7.540620559407593682e+05 2.803048319874361623e+06 4.079274691441511735e+06 1.576714352084295824e+06 2.056742754168364219e+06 1.118008901448766468e+06 3.139985930382598191e+06
6.527531088812453672e+06 5.226556821686375886e+06 1.786431972781062126e+06 1.055859500078332378e+06 4.024802908160785679e+06 5.849696358976191841e+06 2.867103139481868129e+06 1.859548165052650962e+06 1.030790977192775114e+06 4.193700643994513899e+06
7.495107365790524520e+06 6.032214763981916010e+06 2.108779792994010262e+06 1.275533240359413670e+06 5.174224483014115132e+06 7.616974702121688984e+06 4.171673064181976020e+06 1.885353049421398202e+06 1.224379894364764914e+06 5.105179012230110355e+06
8.080013297516429797e+06 6.526248065309641883e+06 2.172152137173905037e+06 1.267324921914106933e+06 6.124960983018901199e+06 9.223020018324695528e+06 5.387794048322251998e+06 2.110500864187962376e+06 1.516342243979981402e+06 5.771382751405447721e+06
8.167910646834222600e+06 6.627821635162765160e+06 1.933402488406556891e+06 9.722286591945347609e+05 6.740146610590687022e+06 1.046182163307062536e+07 6.401626922539455816e+06 2.462167143473025877e+06 1.795676428719336865e+06 6.094577766802432947e+06
7.756899412986144423e+06 6.328124279224121943e+06 1.399684708812346216e+06 5.300996487454420421e+05 6.885425098908091895e+06 1.108562679493908398e+07 7.095178844414727762e+06 2.886577312779895496e+06 2.049513028352132766e+06 6.005633730036227033e+06
7.137981921632543206e+06 5.771418533526295796e+06 7.185989051508975681e+05 9.984379610274079023e+05 6.453006121540284716e+06 1.082490981289929152e+07 7.364504211439453997e+06 3.349803359335594345e+06 2.318525345903194509e+06 5.497708425413385034e+06
7.126515596005703323e+06 5.355720780347252265e+06 8.249838523688832065e+05 2.143683573979586829e+06 5.394400028549830429e+06 9.428642451425487176e+06 7.145721877301353030e+06 3.802750825702480506e+06 2.661016127148057334e+06 4.672945144778540358e+06
8.597317856458511204e+06 5.617616082691114396e+06 1.751407726388998330e+06 3.397116011600649916e+06 3.757607926000176463e+06 6.737800077919766307e+06 6.445420204752719030e+06 4.159599411769289523e+06 3.140227583678381052e+06 3.802416505811583716e+06
1.125204813211300597e+07 6.618481539141966030e+06 2.707867208936137147e+06 4.507550225047037005e+06 1.726051863046307815e+06 2.916262293286078610e+06 5.367947639881161042e+06 4.318112757581785321e+06 3.846405423639290500e+06 3.318557605801272672e+06
1.391246071015075780e+07 7.772806605857234448e+06 3.595590124622313306e+06 5.272069769543856382e+06 5.926163759847653564e+05 3.183839829130607657e+06 4.124601509486580268e+06 4.230423561192724854e+06 4.888981018444245681e+06 3.419724449301580433e+06
1.526887051701189019e+07 8.394977021317442879e+06 4.498477460931724869e+06 5.579566323109033518e+06 2.353758428658002056e+06 8.631190541819255799e+06 2.991480230826506391e+06 4.005736209671979770e+06 6.285331596290970221e+06 3.698536244653058238e+06
1.410773429592783563e+07 8.018789219676570036e+06 5.481020058078799397e+06 5.445398408504316583e+06 3.479556008797817864e+06 1.377080457965967059e+07 2.153134045103861019e+06 3.925984763863171451e+06 7.827282865072335117e+06 3.687406473712176550e+06
9.631643193450335413e+06 6.520226211960823275e+06 6.374298601997842081e+06 4.940820431683026254e+06 3.607924327271593735e+06 1.698084727012962848e+07 1.506595948464003857e+06 4.123937712670562789e+06 9.069568390000440180e+06 3.286154094042877201e+06
3.389044829428241123e+06 4.182885987923310604e+06 6.819201012461311184e+06 4.038446449090382550e+06 2.761900350929704029e+06 1.658730074201105721e+07 9.100063096467424184e+05 4.245500236585133709e+06 9.486458649757318199e+06 2.770890377994939219e+06
1.058259758325709403e+07 1.634354858153236797e+06 6.621762481468031183e+06 2.717993130902437959e+06 1.403097410428450443e+06 1.113921513024221174e+07 1.040030391501269536e+06 3.825628655240325723e+06 8.787333533592877910e+06 2.606122028721011709e+06
2.112594098856114969e+07 4.335812574171446031e+05 6.116042654242931865e+06 2.266895191484111827e+06 3.097519403176304768e+05 2.454662416736946616e+05 2.198454623955785763e+06 2.954815497371803503e+06 7.333544873688713647e+06 3.131777617015329190e+06
2.820782396882032603e+07 1.725548554748095339e+06 5.809477908739667386e+06 4.296017937962695025e+06 7.495005449318601750e+05 1.561332575523626991e+07 4.355148232051866129e+06 2.470950682746115606e+06 6.372212281927092932e+06 4.325304442033396102e+06
2.821886922630144283e+07 2.630182991783198435e+06 5.283166030631646514e+06 6.559179379048874602e+06 3.126136639793905430e+06 3.249905449069873244e+07 8.036608310873805545e+06 2.104412175298628863e+06 6.983771949345976114e+06 5.505854952842750587e+06
2.040264848584126681e+07 3.768227894004655071e+06 4.019923787188261747e+06 7.940105199515997432e+06 6.696012445608459413e+06 4.504603276762627065e+07 1.283028064702680707e+07 6.478302721131552244e+05 8.670869780767053366e+06 5.815097177555854432e+06
1.258553695048362948e+07 5.562192830159147270e+06 3.917103061565718148e+06 8.423322705711251125e+06 9.535053474603809416e+06 4.678357041308463365e+07 1.697452377740025520e+07 3.989946995534068905e+06 1.042720736043843068e+07 6.612803121800716035e+06
1.831483239449517801e+07 7.654746336968353018e+06 5.120770964093911462e+06 7.291369408612306230e+06 9.129525587411800399e+06 3.326210009074869752e+07 1.802812764929712191e+07 7.948032197306877002e+06 1.098154274520607293e+07 1.060921103634702228e+07
2.013955850910928845e+07 7.654412637695844285e+06 4.544369967561349273e+06 2.364933578270592261e+06 4.338432145001570694e+06 7.390713230838770978e+06 1.439447194626808725e+07 9.177865983223905787e+06 1.070419819235134870e+07 1.422757971059779264e+07
8.318550923130460083e+06 2.556712374913390260e+06 4.153898137062365189e+06 6.576015207088983618e+06 3.710428825242504012e+06 2.755114677382278070e+07 6.929587895619238727e+06 7.368972037005621009e+06 1.276092881472126395e+07 1.217544471746255457e+07
1.303514743415432982e+07 8.427218213994679973e+06 5.924405147077930160e+06 1.467926464949957281e+07 8.879243408273253590e+06 4.710970911381962150e+07 1.095851236701756949e+06 6.672987397684796713e+06 1.348417426428281516e+07 4.451056663995159790e+06
2.257057403780188784e+07 1.924176216591074318e+07 8.117040776311252266e+06 1.487132999953060411e+07 8.094840893956284039e+06 4.040437184349735826e+07 6.397836980041760951e+06 5.868753809898634441e+06 7.040346777376213111e+06 8.812833433795247227e+06
8.462642816445637494e+06 2.279432975804262236e+07 1.219623499314090051e+07 5.895916227818407118e+06 3.938279794121925253e+06 2.138003691585192829e+07 8.839412777912445366e+06 4.163492860019803047e+06 5.111521014732399024e+06 1.126644845060050674e+07
2.190004475658732280e+07 1.633067662102778442e+07 1.248040705027399212e+07 7.106883077253869735e+06 8.706535535761766136e+06 5.047300904009009898e+07 8.558710111490178853e+06 3.956268394830157049e+06 1.036413413810180314e+07 8.520826294999144971e+06
2.905071324308802933e+07 5.108113436917833053e+06 5.061417275634850375e+06 2.016690334825712815e+07 1.760611652065127715e+07 6.552917282274173200e+07 4.592716134004145861e+06 4.490425596749215387e+06 1.503233601863153279e+07 1.186732508623927645e+07
2.314356414800373092e+07 5.193959827070021071e+06 1.218886489461142942e+07 3.175603181679442897e+07 2.326353016466936469e+07 5.012662760480011255e+07 5.387692233024343848e+06 9.369873757659647614e+06 1.578910199202901497e+07 8.517459341816142201e+06
7.161919090172308683e+07 1.252945151718158275e+07 2.890749174271567166e+07 3.340758758901950717e+07 1.767049793568811566e+07 5.112490358821634203e+07 1.856186590801938623e+07 8.563948664509560913e+06 2.310992884167781100e+07 1.471851289670016384e+06
6.580016564380300790e+07 2.243613265297553316e+07 3.522444440100435913e+07 2.669200137384993955e+07 1.152835754837819561e+07 3.338153492028924078e+07 2.628443892608604953e+07 8.569432614804353565e+06 3.673488850106317550e+07 2.866593138294121251e+06
1.049227545095735416e+07 7.182500345108773327e+05 3.933443790941632539e+07 1.735570999578048289e+07 1.921085856776642799e+07 3.422859521992383152e+07 1.340269376572228037e+07 1.458125301164752059e+07 2.405083274498600513e+07 3.271057845815022476e+06
1.006538367240747437e+07 3.988661569577084482e+07 2.622743875095636770e+07 3.388644490145236999e+07 3.076226683878254890e+07 6.611404736193447560e+07 1.109762801222449355e+07 3.738548185721220076e+07 1.992253302406382933e+07 9.795702944891575724e+06
5.985590262132634968e+07 3.016140934365484491e+07 1.954402921413495019e+07 3.211511583788517863e+07 2.593756730360052735e+07 1.885893093500488251e+07 3.066104451807434112e+07 4.610240376878012717e+07 1.299579915571786277e+07 1.708288657361149043e+07
6.671990054602165520e+07 3.453512691015384346e+07 3.774311426068313420e+07 2.473919056126549840e+07 2.973849182276953012e+07 9.353420506266191602e+07 3.686787305846482515e+07 3.880232029343052208e+07 2.945591716531541571e+07 1.009649469796510972e+07
6.058826480527673662e+07 5.030748124307580292e+07 4.886294648881440982e+06 1.139185423141542077e+07 2.498394776931952685e+07 4.876905008223713189e+07 9.170565056808397174e+06 2.427125875557442009e+07 3.448643597970294207e+07 5.239153272385007702e+06
1.415562697807424963e+08 5.486805269904772192e+07 1.238408839536279440e+07 2.541755253438191488e+07 7.160374888223814778e+06 6.608876695001377910e+07 3.311655827836960927e+07 3.272218258254438639e+07 1.288130337996137515e+07 1.392442283451208100e+07
8.568108707545968890e+07 4.845987915632618219e+07 3.171742211717939004e+07 2.432915112646573037e+07 5.593784454733361490e+06 2.229382653015612438e+07 1.345227078868724965e+07 5.625908165905778110e+07 1.756152594713442773e+07 3.583340739279126376e+07
9.149304043419620395e+07 2.961522857295888662e+07 1.652952091842846200e+07 5.639589875147812068e+07 1.072615057820779458e+07 6.012518982744879276e+07 3.470503303637090325e+07 4.206292344006527960e+07 4.472386230283447355e+07 1.112907843316749483e+07
6.617575551178779453e+07 4.820098380921613425e+07 2.125286851147607714e+07 5.017476651286996156e+07 2.810050666448092088e+07 6.304795599913369864e+07 1.140159084641025215e+07 3.037009278324364126e+07 7.341458355709234253e+06 4.704843700783734769e+07
6.943927348319895566e+07 2.369275798020016775e+07 1.857223493366153166e+07 2.967904001673654094e+07 2.350497756709901150e+06 1.474230291734405458e+08 2.327025593179532886e+07 4.146826843022937328e+07 3.707776630684505403e+07 5.609941398546004295e+07
4.815092545071084797e+07 2.418146417631020024e+07 3.145982777691677585e+07 1.018530308967832476e+07 6.129699055294892937e+07 1.533717028985671699e+08 3.140291109143801406e+07 2.570279272945894301e+07 3.956413917232377827e+07 1.936679005242765322e+07
9.070609504402309656e+07 2.464561025777443126e+07 1.564529922785419598e+07 4.508961813509105891e+07 6.624832113254707307e+07 1.242456818017431647e+08 3.552855436659349501e+07 3.065844199469202757e+07 3.182864814657557756e+07 2.113378341413720325e+07
1.094598014097133130e+08 3.795856025974528491e+07 2.126810025963469595e+07 3.110446879203618318e+07 4.200130423647668958e+07 6.486004119081970304e+07 5.134288404577042162e+07 8.157812557210867293e+06 3.414327057947701961e+07 4.684230540621176362e+07
1.953938852265404463e+08 3.121164005443486944e+07 3.980128956516515464e+07 4.407293812118748575e+07 4.428852292816448957e+07 2.105391568575192392e+08 2.260256695803335309e+07 2.739246920524049923e+07 1.144547404631392285e+07 2.430804767119513825e+07
9.997782557678037882e+07 2.991742163288966566e+07 3.896464610617618263e+07 2.975166060129545256e+07 2.084441235247319564e+07 7.126549074948038161e+07 4.346112039462921768e+07 3.062466790008300543e+07 2.953448468968468904e+07 2.174734231924033538e+07
1.247372922677651644e+08 4.106633776974907517e+07 1.675325095320774615e+07 4.351536503251108527e+07 3.469166704618752003e+07 3.643359216807124764e+07 6.235757494512453675e+07 4.388853541874227673e+07 1.451826302385382727e+07 2.915586641938429326e+07
1.448865985172342360e+08 4.584130762470493466e+07 2.973041912046658993e+07 2.481703684496914595e+07 6.062722858121176250e+06 2.680211766774903238e+08 5.378392765387006104e+07 7.691735349075074494e+07 1.883535058997703344e+07 2.593652438873840868e+07
8.544913092667633295e+07 4.142443212066155672e+07 7.952049349691408873e+07 5.767823066458262503e+07 2.822686588844155893e+07 8.782098397640508413e+07 2.048016940361917019e+07 5.362804336680323631e+07 5.720601085096957535e+07 3.449798442191633582e+07
1.094648311888956279e+08 1.948166483348948136e+07 3.358076691015028208e+07 3.228153625336900353e+07 6.052529869251763821e+07 7.542229720270590484e+07 9.721619377671552822e+06 1.644329774449443631e+07 4.995427436686001602e+05 5.893415291880902648e+07
2.824781007311629653e+08 3.298782339113991335e+07 2.575538911353486404e+07 4.508584549074220657e+07 2.338786194114003703e+07 4.106656740210480690e+08 4.040420036224422604e+07 3.016788672742930427e+07 4.075257661455692351e+07 3.847028355136295408e+07
1.068902982850127369e+08 3.421660376001604646e+07 2.942047542494030297e+07 5.847485298979763687e+07 3.489477092994525284e+07 2.540100134077304900e+08 1.004486623800968938e+07 6.193352524393312633e+07 2.669580739222540334e+07 2.435068719954146445e+07
2.369325529982345700e+08 4.215598277835205942e+07 2.764147022811530158e+07 2.281967241328259185e+07 1.549069265026633814e+07 3.089626554653501511e+08 4.971274415991667658e+07 4.316038875318612903e+07 5.252025664597748965e+07 3.440612322961172462e+07
1.710664587801486850e+08 9.459398181584055722e+07 3.035558601198751852e+07 8.031653695246742666e+07 2.558877563432347775e+07 2.694118978975676298e+08 8.228618666562461853e+07 2.304983536469682679e+07 4.434056460230965912e+07 1.632416242415350303e+07
2.444054866882511675e+08 3.441773924993754178e+07 4.538702075922118872e+07 2.047078098405110091e+07 6.588062723723244667e+07 4.022605022137001753e+08 9.858185514218866825e+06 5.760465279030708224e+07 4.861330948337641358e+07 6.647206697972437739e+07
7.821600182940980792e+07 4.603155051455336809e+07 7.161775217999198474e+06 3.987596093362026662e+07 2.558723953444365785e+07 1.132011996765267104e+08 2.704619727433345094e+07 3.042556170816714689e+07 1.429950696257977933e+07 5.549658892820470035e+07
3.567509140448989272e+08 3.185910813489461318e+07 1.661869007662188821e+07 2.693238146519442275e+07 2.803830343719394505e+07 7.392817764306727648e+08 1.536668606286605820e+07 1.971695549027217925e+07 6.762245111636549234e+07 2.677410203050391749e+07
2.463771293743471801e+08 8.026252982932674885e+07 7.817798277056264877e+07 8.660830864072659612e+07 6.751044384444136918e+07 2.251245763467545807e+08 9.432485561564171314e+07 2.899632862188723311e+07 2.896018495053429902e+07 6.830095021566115320e+07
1.910991441034271121e+08 3.097705661463822797e+07 3.376713812309693545e+07 5.028081009739220887e+07 4.834904228438185155e+07 2.882369666126881838e+08 5.673842542839536816e+07 1.869697657543621585e+07 3.589868346361948550e+07 1.669682007594869286e+07
2.041348653228200972e+08 3.084249396046050638e+07 5.133499888902030885e+07 3.887483307289048284e+07 8.953469633916403353e+07 5.230138216626139283e+08 1.127690318415540457e+08 7.087615506626065075e+07 6.810544696014598012e+07 5.312463006774102896e+07
2.510052539983066022e+08 7.415066269116850197e+07 1.652689955067551695e+07 3.321782125171761215e+07 6.744198809438619018e+07 3.321361204643241763e+08 5.005910854502766579e+07 3.953949301332888752e+07 6.555652978383123130e+07 1.126835852283758074e+08
2.461346254528716207e+08 3.538304668278791010e+07 7.743106039959713817e+07 3.561714640759077668e+07 2.569252552908496559e+07 3.368021297295531631e+08 3.782137973048231006e+07 3.071040082345169038e+07 2.513500539084062353e+07 1.149380577958997339e+07
5.260652479626809955e+08 4.567039630524118245e+07 3.268665585891746357e+07 6.380844990137130022e+07 7.178724205273638666e+07 5.253019703051939011e+08 1.024341590615969896e+08 4.751782490106549114e+06 8.931853934861390293e+07 2.684969209408783540e+07
8.271748305252093077e+08 6.658014241810907423e+07 3.505032637890402228e+07 4.098312323481202126e+07 8.566499902809582651e+07 8.903188384367747307e+08 3.664718679566075653e+07 2.098270522252285853e+07 2.778256104231083393e+07 4.960011450967556238e+07
4.054531458297407031e+08 4.835948090194813162e+07 7.321944387214690447e+07 1.526302746174699813e+07 2.761555983875514939e+07 5.953004125766429901e+08 8.159777194075205922e+07 5.628638276077739149e+07 1.038097896497479975e+08 6.803222218728518486e+07
2.767678637322594523e+08 4.142107053917712718e+07 4.701595562795712054e+07 2.319168462874000147e+07 1.438556448604026064e+07 5.907744333915442228e+08 8.538618283314836025e+07 3.760232527241014689e+07 5.911651531454764307e+07 3.148759283380753547e+07
2.770678506864675879e+08 6.215650674121236056e+07 4.260458594545578212e+07 7.019494488121496141e+07 2.225063158132443205e+07 3.397153050670191646e+08 3.718980765780574828e+07 6.025020309592969716e+07 9.291011424712254107e+07 5.237538700161898881e+07
3.325737389270663857e+08 4.881012757645769417e+07 4.666753856485988013e+06 9.284724184824176133e+07 5.873992150021188706e+07 6.738764647235864401e+08 8.332294877050372958e+07 6.475103132417857647e+07 5.635661214695675671e+07 8.317135492713083327e+07
6.279153860141680241e+08 1.287471973124577291e+07 2.671354365675798059e+07 2.761414006234600767e+07 8.482322837647195160e+07 3.152893732940007448e+08 9.835547267448182404e+07 4.205581441907139495e+06 8.829248953002753854e+07 4.590485874615274370e+07
3.772408243966951966e+08 2.347694158536014333e+07 5.825711466965428740e+07 4.132936658167754114e+07 7.090470333299201727e+07 6.112006506903458834e+08 8.248189254838369787e+07 3.799764979424771667e+07 6.232267751897588372e+07 7.368273244713293016e+07
5.523388044695587158e+08 5.872219435132890195e+07 6.525209497691227496e+07 7.570249047349253297e+07 8.543261344755715132e+07 3.401525149471032619e+08 4.237872622422980517e+07 3.584662343585009128e+07 9.660296941792841256e+07 4.729182253125917912e+07
5.557759552761458158e+08 3.434765604744661134e+06 6.223174079654370248e+07 7.040034999032241106e+07 2.669662568377663568e+07 1.431739642302837968e+08 3.372208452471273392e+07 7.476502878700463474e+07 6.330574126046323776e+07 3.056184560813938826e+07
3.411965183445102572e+08 3.137126774855094776e+07 7.957184331200274825e+07 5.887830786230345815e+07 3.062778020328972116e+07 4.847458283956869245e+08 3.929440211414035410e+07 8.461158039948903024e+07 3.835816966761863232e+07 1.276361866086672992e+07
2.252928575963910669e+07 8.453430049761101604e+07 4.871632493582660705e+07 1.600259746456282027e+07 5.567334958352565020e+07 6.323774500474220514e+08 6.203058238367033750e+07 4.796896401382863522e+07 2.221016140746991336e+07 6.069729069830998033e+07
4.859771379928927422e+08 1.077446200355887562e+08 8.187414401909552515e+07 6.390576795763593167e+07 5.411432906325532496e+07 7.116511338694427013e+08 6.675492192447292060e+07 9.808115343401066959e+07 1.110400845668563992e+08 3.994904916297455877e+07
5.795514766881439686e+08 7.323180737058223784e+07 7.390584901682542264e+07 7.944146849960388243e+07 2.814797827785604075e+07 7.602414293641686440e+08 2.913075950867626071e+07 5.964939050590387732e+07 4.022884350452438742e+07 5.549682927394413948e+07
8.607659796672652960e+08 7.283897969387079775e+07 1.350173963363398798e+07 3.763450855606616288e+07 2.067958916449801251e+07 2.651024494900452793e+08 1.478762283251249790e+07 1.440870566955164820e+07 4.965944373515396565e+07 6.882145950705292821e+07
1.179456266057633460e+08 4.130499357340995967e+07 5.179593614170757681e+07 2.523932191362062469e+07 1.196244603327670544e+08 8.737442996584314108e+08 9.731360470414161682e+07 2.362019463008735701e+07 4.310821098675248027e+07 6.907563069205608964e+07
7.870040922486490011e+08 3.261199547419812903e+07 6.176716741458908468e+07 8.601362373068882525e+07 1.132878518396781385e+08 2.210930144070596993e+08 6.402975634865650535e+07 4.764934175163190812e+07 7.911785432746557891e+07 6.491687309080180526e+07
1.423215270277281046e+09 3.540991957912697643e+07 3.574607511160569638e+07 3.433110559918136150e+07 4.962383936082426459e+07 7.361422818069634438e+08 4.914001295173151046e+07 2.327241344100601599e+07 7.996310006721210480e+07 5.692967685373574495e+07
1.058048068621684790e+09 3.881638491146148741e+07 7.486821971243938431e+06 1.533872359582591243e+07 5.475799142222202383e+06 7.777700053503280878e+08 6.473202742282184958e+07 5.668937019294378906e+07 1.628858041482472420e+07 5.938020194896709919e+07
9.457407116293976307e+08 6.528719230495514721e+07 3.630768807369437069e+07 5.880753290936155617e+07 2.896890264392869920e+07 9.931585767241978645e+08 5.853197255856462568e+07 1.296439048650441691e+07 5.191694790544830263e+07 4.022757760152469575e+07
8.954542202123703957e+08 4.341618940851877630e+07 5.101074687217273563e+07 2.730022191605230421e+07 8.387354538448611274e+06 1.059367888899893880e+09 1.079776578550976701e+07 3.041690126712764427e+07 4.415221426032541692e+07 2.899748940424393862e+07
6.006791454333354235e+08 4.259645402191973478e+07 1.688440954860677943e+07 2.070304697384899855e+07 2.711759189372307807e+07 5.265230901074658632e+08 4.281717874018382281e+07 5.370129267687550932e+07 4.529072172393612564e+07 1.121391021034290642e+07
3.909322542998987436e+08 1.553952133753949217e+07 2.070628213267023116e+07 6.265162709962753952e+07 9.280871102087587118e+06 1.771429155152670860e+09 4.788219421972317249e+07 1.554918766375556029e+07 2.783253693285318464e+07 3.057128867460860685e+07
