1.433644883049919037e+06 1.881709407435984816e+06 3.359600868892168626e+06 5.110711202854034491e+06 6.340378342344028875e+06 6.881093234578329138e+06 6.752716251179831102e+06 5.716131854493336752e+06 3.890246352043207269e+06 2.159324850134228356e+06
9.151384708465506556e+05 1.259597723510266514e+06 2.898339032767600380e+06 4.921231291944107972e+06 6.289296117519512773e+06 6.884856639530277811e+06 6.798056821753916331e+06 5.657973280694690533e+06 3.528565173787814565e+06 1.543370101932551246e+06
1.143328098738359986e+06 8.696033018853035755e+05 2.305832686890743673e+06 4.607508011782686226e+06 6.094228636290132999e+06 6.731556687282181345e+06 6.720240170963091776e+06 5.499585785635020584e+06 3.042905250404686667e+06 9.633224290338496212e+05
2.133181436180084478e+06 1.415855740261933999e+06 1.604483132660880685e+06 4.160410827978304587e+06 5.727369242232668214e+06 6.382985934845261276e+06 6.495276150302076712e+06 5.234319404510435648e+06 2.438341179876051843e+06 1.084889314246773953e+06
3.407927664813269861e+06 2.515505769486515783e+06 9.235402656265323749e+05 3.578285407257935964e+06 5.162310955753726885e+06 5.799083220077023841e+06 6.101012099934617057e+06 4.862352557080816478e+06 1.742935447945217835e+06 2.020010540018344065e+06
4.808811178417072631e+06 3.804218624085180461e+06 9.238875136868100381e+05 2.870340008890915196e+06 4.377248882787859067e+06 4.941759227494574152e+06 5.520250378521727398e+06 4.393508406156978570e+06 1.062370673183637438e+06 3.227886304858874064e+06
6.225190477400721982e+06 5.148527073255205527e+06 1.758010613809525035e+06 2.060405729540195549e+06 3.360244621586238965e+06 3.784709993707224261e+06 4.745516462872933596e+06 3.850079378422854003e+06 8.553119465814698488e+05 4.520386353323294781e+06
7.525535928106958978e+06 6.429415737969243899e+06 2.760870921086944640e+06 1.191624842426257208e+06 2.122078715939537622e+06 2.355770548403129913e+06 3.787338826763095334e+06 3.269095558785856236e+06 1.446345658919205889e+06 5.778569179354813881e+06
8.544903996107609943e+06 7.506013914574773982e+06 3.715042142596419901e+06 3.545545286626676098e+05 8.106940756622793851e+05 1.203985295652798843e+06 2.694730462532865349e+06 2.703172748119630851e+06 2.237749331602166872e+06 6.873927381855619140e+06
9.087409920185443014e+06 8.213071008914724924e+06 4.492949261533167213e+06 5.494400664840282407e+05 1.307508323222121922e+06 2.527716384969181381e+06 1.646046345691003371e+06 2.218812850969825871e+06 2.959078954470281024e+06 7.660311182117473334e+06
8.940923221275763586e+06 8.371493813303830102e+06 4.978475144015320577e+06 1.182543357279925374e+06 3.029130319066670258e+06 5.015509206107223406e+06 1.366106137229743646e+06 1.891044357223053928e+06 3.497735748646163847e+06 7.983776751579671167e+06
7.907048362663241103e+06 7.810774263459243812e+06 5.072074533604520373e+06 1.601692322564794449e+06 4.838849021215412766e+06 7.854464107594256289e+06 2.272443493062532973e+06 1.793584441005256493e+06 3.787761538588034920e+06 7.705267685925368220e+06
5.851978241165447980e+06 6.404045381537885405e+06 4.715200974996312521e+06 1.777352860449694796e+06 6.551780757746060379e+06 1.082074936377392709e+07 3.441945629561567213e+06 1.982628090465469053e+06 3.812798774667864200e+06 6.737451793323099613e+06
2.813078885746449232e+06 4.114767905778096523e+06 3.928852982833107002e+06 1.848344996486900374e+06 8.000574465484283864e+06 1.367617703005303629e+07 4.453902837244632654e+06 2.472146382585416548e+06 3.625340771803521551e+06 5.102270548693773337e+06
1.692196010152922478e+06 1.057886336369526340e+06 2.879147193295378238e+06 2.203288794409528840e+06 9.012022855970386416e+06 1.611227588558375277e+07 5.116944955831293017e+06 3.207282224197191186e+06 3.352123324024630245e+06 3.064794428491043858e+06
5.906305592522097751e+06 2.528561208755451720e+06 2.027417606814326718e+06 3.124669743543792050e+06 9.427874381407525390e+06 1.774516009507619962e+07 5.308970147086726502e+06 4.045472902156705037e+06 3.149273231773842592e+06 1.914532204527959693e+06
9.999320233126863837e+06 6.082404098126041703e+06 2.052500238805388100e+06 4.413354462599801831e+06 9.139360102443786338e+06 1.813362538396322355e+07 4.985846861825487576e+06 4.752906282364418730e+06 3.116904038496221881e+06 3.317112107289795764e+06
1.276829629371309467e+07 8.981535368882307783e+06 2.547036212431637105e+06 5.670269442443700507e+06 8.128675303108116612e+06 1.682519477120745182e+07 4.225991711758527905e+06 5.030038735682669096e+06 3.337868297108018305e+06 4.839681451201952994e+06
1.305553596389358677e+07 1.052210659943650104e+07 2.647435204925655853e+06 6.488920683038060553e+06 6.506972429507343099e+06 1.344160465640444309e+07 3.294456695732363965e+06 4.580556393711271696e+06 4.047365520412269048e+06 5.188915292098712176e+06
9.920548235258055851e+06 1.017137962309501134e+07 2.063755892315712990e+06 6.545398322272725403e+06 4.533504705707608722e+06 7.846875039911041036e+06 2.685974160560761578e+06 3.227639354702090379e+06 5.423116156610632315e+06 3.907228960924821906e+06
3.129340184773261193e+06 7.875434129888743162e+06 1.187858513250137679e+06 5.737565054037943482e+06 2.620753485835279804e+06 2.324786532938957214e+06 2.802706504543370102e+06 1.058325366761092795e+06 7.127669473464128561e+06 1.580906567635781597e+06
6.540921009292106144e+06 4.622129045741930604e+06 1.436823558357247151e+06 4.374139840123172849e+06 1.575929642218359048e+06 1.020471854660779051e+07 3.510826274534502998e+06 1.458701725490837358e+06 8.341282769288031384e+06 3.857191783782635350e+06
1.640815051201540418e+07 4.096936358613917138e+06 1.910568066358767916e+06 3.324054123819289263e+06 2.434717622704021167e+06 1.992475758341694996e+07 4.870485285608734004e+06 3.472915258820053190e+06 8.102423567791284993e+06 7.638981409570495598e+06
2.282526768589719012e+07 6.432726777077028528e+06 1.116615206592468545e+06 3.249654434581530280e+06 4.285290531354585662e+06 2.814956513555736467e+07 7.122691710878832266e+06 3.978116078587386291e+06 5.778806878027160652e+06 9.844022537432394922e+06
2.187075059936730936e+07 7.185861074144718237e+06 1.290730086373650469e+06 3.342895053725860082e+06 6.501867389813625254e+06 3.240873963335370272e+07 9.822815865971695632e+06 2.421631467119173147e+06 1.616399390493075363e+06 9.302158680800277740e+06
1.159564097597829439e+07 5.370628372054236010e+06 4.526597278999855742e+06 3.424389562714245636e+06 8.290087340137792751e+06 3.028179589232457057e+07 1.177466121781140193e+07 2.680383583311372437e+06 3.095909310155384708e+06 6.098514953054931946e+06
5.590714565067743883e+06 2.248598686175873503e+06 7.158100802139890380e+06 4.534042479594408534e+06 8.486267665547877550e+06 2.025397418590439484e+07 1.160837364545236342e+07 7.171285776207746938e+06 6.153890133458566852e+06 1.807222284951837966e+06
2.191931835265515745e+07 1.586591331563526997e+06 7.810877022528484464e+06 5.852175204105135985e+06 6.411430626593546942e+06 4.591996289929203689e+06 8.973957899646321312e+06 1.051620469484602474e+07 6.173688309233353473e+06 1.361830817344098119e+06
2.683155416497304663e+07 1.601021256017110078e+06 6.472569738662601449e+06 5.730812601883783937e+06 4.848669949489576742e+06 2.050822508668239787e+07 7.698569307023570873e+06 1.067547797593339346e+07 4.225641259145017713e+06 2.596098767762388103e+06
1.402806847154495865e+07 4.109355455553029897e+05 4.822093533830363303e+06 4.119050949441743549e+06 9.327111579029791057e+06 3.991252412915566564e+07 1.247379378324341029e+07 8.004504978311049752e+06 3.822798843656006735e+06 3.623728785149177071e+06
1.182103658460863493e+07 1.968976271902242210e+06 4.433445571068509482e+06 2.702902634795126040e+06 1.399981536805026419e+07 4.812714939730492979e+07 1.697270884942416102e+07 5.539773313539748080e+06 4.498734879365402274e+06 3.935098528985437471e+06
2.913341997332742438e+07 4.199582845729216002e+06 5.452310276595675386e+06 1.236696910376684973e+06 1.469932699616643041e+07 3.752858475829441100e+07 1.658579607615648024e+07 5.410087049465853721e+06 7.521414439326563850e+06 4.615558753140631132e+06
1.965626009665455669e+07 6.484972421655248851e+06 5.670635674685044214e+06 1.915630518358697416e+06 1.110696662862346321e+07 8.618600247594190761e+06 1.155876836562972330e+07 7.890581708544378169e+06 9.802918432904938236e+06 8.032773754901267588e+06
1.310311173678993061e+07 5.383445928434724919e+06 3.185834568376235198e+06 5.043432199450217187e+06 6.530358969998178072e+06 3.445021988082342595e+07 6.636891530584072694e+06 1.040395697748767398e+07 5.687835938475131989e+06 8.326623919114238583e+06
3.364972167625800520e+07 1.073566133937663957e+07 3.306878100416413043e+06 7.109307720000383444e+06 4.819295338713607751e+06 6.303254995623840392e+07 6.184509225785139017e+06 8.653573672167139128e+06 2.494226035335795488e+06 8.333793915351900272e+06
1.061058753308737092e+07 1.657276031640820578e+07 2.291882776549075730e+06 9.602272789204234257e+06 6.471389523337617517e+06 5.766393125114983320e+07 9.035656349477656186e+06 5.248879752269608900e+06 5.980563937331416644e+06 7.157996268386209384e+06
3.777667379068427533e+07 1.437979864884084463e+07 3.584931194836481940e+06 1.097610354060961492e+07 7.486050620086968876e+06 1.509697068149066903e+07 9.061766380481656641e+06 5.188848666957926005e+06 1.976734333283469779e+06 4.634846184103391133e+06
3.135263195870716497e+07 1.282920553453428671e+07 4.847863322734080255e+06 1.026173095999325067e+07 4.276951454295156524e+06 5.007048842854860425e+07 1.581082351329103578e+06 9.699289688904801384e+06 4.077950671225399710e+06 1.427909333365644515e+07
4.170988050265661627e+07 4.914100065339584835e+06 2.624857905401170719e+06 7.709153583932831883e+06 7.995467410366673023e+06 7.283255275071117282e+07 1.051197098656975292e+07 1.015686112962340191e+07 5.243793708479779772e+06 9.614073095241986215e+06
5.954150847929168493e+07 1.915387546246534586e+07 2.552246909104520455e+06 5.612956018480355851e+06 9.509634862741442397e+06 2.664756978988710418e+07 9.275362116040360183e+06 7.528652821768302470e+06 4.802785950941700488e+06 7.064743365365765058e+06
2.189317999910507724e+07 1.869739364066573605e+07 5.328549760883581825e+06 5.722354626243603416e+06 5.872233120301659219e+06 5.340304613810001314e+07 1.108163754475268908e+07 5.602160244072590955e+06 4.363065460257423110e+06 7.682290089384647086e+06
4.455719536758976430e+07 1.094174544291889109e+07 6.352924418364762329e+06 7.500144940648914315e+06 6.169225135405027308e+06 7.351274995953023434e+07 1.624248557290334255e+07 5.751452672899581492e+06 1.200779201868405752e+07 1.599687661084394343e+07
5.487324167764138430e+07 5.499548960300919600e+06 8.781507004416678101e+06 1.503721478187763598e+06 9.360859948631638661e+06 1.174528971079712175e+07 1.223576616889916919e+07 3.193975977376209572e+06 4.674748205114374869e+06 2.063423949908719957e+07
2.188966043762230501e+07 1.064287705715202540e+07 2.304467053810229059e+06 2.727696355390160345e+06 7.556897877556219697e+06 9.689711305543847382e+07 1.617547113882575929e+07 3.618947664825726766e+06 8.443599928961912170e+06 6.573060438178636134e+06
7.472394700782717764e+07 7.670873231544638984e+06 1.558976070613999292e+07 1.084938686732116900e+07 1.192681636057552136e+07 3.732457618160752207e+07 2.683487504491776228e+07 7.312943246455472894e+06 1.356876051884503663e+07 1.390545111726783775e+07
4.869871822556025535e+07 2.681482359163913410e+06 9.306946680287953466e+06 1.054224868467160873e+07 5.238674709947214462e+06 9.533496107855625451e+07 9.438571141944194213e+06 1.044841246134417318e+07 7.272826274154769257e+06 1.855949364041829482e+07
3.663721992681683600e+07 1.466074667269817181e+07 3.938548786302539520e+06 1.334244069623475894e+07 5.534434222582614981e+06 4.461789107064621150e+07 1.843658313433233649e+07 1.192785678087040409e+07 3.632595509585250635e+06 9.244440347469830886e+06
3.746159976798275113e+07 1.272494097835041396e+07 3.450613630979108158e+06 1.614641018030005507e+07 1.740995358633985743e+07 1.254685322520456910e+08 2.887862393084105104e+07 7.509686088186855428e+06 2.992541767177465837e+06 8.865107255889438093e+06
7.684350811599892378e+07 1.855366207318250835e+07 5.584551609569444321e+06 1.902212502088481188e+07 2.438505883558486030e+07 3.441805569728957117e+07 2.628746217081514373e+07 1.082771635904639587e+07 2.133415137399142608e+07 2.052599444763384387e+07
8.975706088529694080e+07 2.277386642493057624e+07 1.783405983008809388e+07 1.790404918014609069e+07 1.597952419640687481e+07 1.462206937119086981e+08 5.091922198613840155e+06 9.438846898911969736e+06 2.082765081896054372e+07 2.110388866016964614e+07
7.941084695598763227e+07 1.341664734526610374e+07 1.600008314871998318e+07 1.882176259556585550e+07 2.394748366528577730e+07 4.550504468796725571e+07 1.116548643256305158e+07 3.385402045964532346e+07 1.331648685015127994e+07 3.310823019322092645e+06
9.312090731877388060e+07 8.963383033786073327e+06 1.291976531131201424e+07 8.869569598489090800e+06 1.994576671780311316e+07 6.945505665789771080e+07 5.667782712669133209e+06 3.582232189462047815e+07 1.192068617623980902e+07 1.247708804893811233e+07
1.030237384200812578e+08 1.890271563908293471e+07 9.913381220153896138e+06 1.883591479753424227e+07 9.637885606210023165e+06 1.655695742891471684e+08 1.835087834305823594e+07 2.048856010834900290e+07 1.114487990808064304e+07 4.109234703738874756e+06
1.301850385684398562e+08 2.850080633129014447e+07 1.650922682578833960e+07 2.387408689896199107e+07 2.754338864239187539e+07 1.172796209799048752e+08 2.714036436553153768e+07 9.237266560000592843e+06 1.003845121240652353e+07 2.693662785196835548e+07
1.185505208315549791e+08 2.368046555757014453e+07 2.899924186481988057e+07 7.087825435257120058e+06 2.611371163141263649e+07 3.022127748681799695e+07 2.323623673643787578e+07 4.602740387811110355e+06 1.604589284300709702e+07 2.904593371116207913e+07
6.713510000106015801e+07 2.043481553425309062e+07 3.295355165618323907e+07 1.959094889681401476e+07 1.144518296553504653e+07 7.073214788412827253e+07 3.238238490876557305e+07 1.855459890975051001e+07 2.221568225176724792e+07 2.384840284586881846e+07
1.029826228668852597e+08 3.537113286703167111e+07 3.653412300053639710e+07 3.823584716347944457e+06 2.208895808539621904e+07 1.046702775129293501e+08 6.758771313123553991e+06 4.686582942655617744e+07 1.002443458184743300e+07 7.117836206836152822e+06
1.485458892952990234e+08 2.971292166771573573e+07 3.097815799199232459e+07 5.732144404211623594e+06 2.331548099214621633e+07 1.540536745621219873e+08 5.132568148346009105e+07 1.719720422054458782e+07 2.337507607030056044e+07 2.803478087942588329e+07
2.305680517046884075e+07 9.344628056804036722e+06 1.247959157106771320e+07 6.416070083053437062e+06 3.846035757206255198e+07 1.549291911676473916e+08 2.938745908860078454e+07 2.408723678819686547e+07 3.308491090339123085e+07 6.476402293763169087e+06
1.857332336554601490e+08 4.503148900404741615e+07 3.791318730213548988e+07 2.545858281952495873e+07 7.135248518239721656e+06 1.499265050673198402e+08 1.049584357029463537e+07 3.801205145660801977e+07 2.428248161366552860e+07 6.592182272939145565e+06
9.519823430225518346e+07 1.777717291287643835e+07 3.246365408307271451e+07 3.167670997739843279e+07 3.425153208875157684e+07 9.674785596173875034e+07 3.777907310991901159e+07 4.166048073233893514e+07 1.847067052954502404e+07 3.664493218711841106e+07
3.520182095739447325e+07 5.344245569305951148e+07 2.543825358412943035e+07 1.881264174965577945e+07 2.366053362057587504e+07 6.717598695345738530e+07 3.923164930665490031e+07 4.210339627454345673e+07 4.505703900138651580e+07 3.584303661545535177e+07
2.184686638641427159e+08 3.860570369697362185e+07 4.659982705197919160e+07 1.568524407519719005e+07 2.931867380469153821e+07 2.346016343337628543e+08 3.516682848917995393e+07 5.347108378162148595e+07 8.064759586119697988e+07 1.216143612666114047e+07
2.197955241882257462e+08 1.036882983391227759e+07 1.597049276899476722e+07 2.281184168141338602e+07 9.547530658820318058e+06 2.859041457048186064e+08 5.182980492330143601e+07 2.598958166017552838e+07 3.584199367129301280e+07 1.827334036078845337e+07
1.552930988943086267e+08 1.101503460532965325e+07 2.273253615687933192e+07 3.219159209631596133e+07 1.889946472629077360e+07 6.093729768453012407e+07 2.586736215167822689e+07 5.521149126690286398e+07 1.727233977721439674e+07 8.991966601593358442e+06
6.056959516641627997e+07 3.649886610831195116e+07 2.854134615260633454e+07 1.424228774121912941e+07 4.705045769271113724e+07 3.475135146258140206e+08 1.762740255185522139e+07 2.317930154138673097e+07 2.285060601839581504e+07 3.446679186599606276e+07
2.032099063021251261e+08 4.221918544293818623e+07 1.983167777331480756e+07 6.927877210746641457e+07 4.275202605660112947e+07 1.119143386129954904e+08 2.274346605188347027e+07 2.382215849817977473e+07 4.325096968889994174e+07 3.674203612010673434e+07
2.097456223852000833e+08 3.188566318009481952e+07 4.625658228526861221e+07 1.807491460465066135e+07 4.627244441089108586e+07 2.439947534919544160e+08 7.389643353649261594e+07 5.979490912803918868e+07 3.221209595273265615e+07 2.678064976348318905e+07
2.039056489123788774e+08 4.338189522095078975e+07 1.011975332977377810e+07 2.410886133149069548e+07 1.009522975241189450e+07 4.158180589530811906e+08 3.263116672947755083e+07 3.717416708489074558e+07 3.595869629641279578e+07 2.895824637631884217e+07
7.110526068091957271e+07 4.497530533287853003e+07 1.408559540568329953e+07 4.895198834108129144e+07 3.842949623211092502e+07 4.633859666614918709e+08 1.958623946826846153e+07 7.204196485918737948e+06 1.981648195686144009e+07 5.948678447864321619e+07
4.228830947261096537e+07 7.522681662167012691e+07 1.402557116954105161e+07 6.000800931361124665e+07 3.416363045140366256e+07 3.720831012726036906e+08 4.422655875564943999e+07 4.149787599497361481e+07 4.161139126948941499e+07 4.372925275079090893e+07
9.955750541068296134e+07 7.296686382344649732e+07 2.203604298763018847e+07 4.536384371749987453e+07 3.883888399764760584e+07 4.581952479865974784e+08 1.348328215045444295e+07 4.999664451425926387e+07 5.668887373427414149e+07 1.452589557616124488e+07
3.367486731937631369e+08 2.294114130798051506e+07 4.902094237846215814e+07 1.847763451820863783e+07 4.859565187308038026e+07 3.537037492602801323e+08 5.182575596265526861e+07 2.763992659287345037e+07 1.984446074873356149e+07 1.752109537448707968e+07
1.866663078286535144e+08 2.296421499414303154e+07 2.121261627814329416e+07 5.790854930617728829e+07 1.551136396373294666e+07 2.904091097936908603e+08 5.228526446803651005e+07 5.155887245223311335e+07 4.585792223375887424e+07 5.660520138668986410e+07
4.066859139877039790e+08 1.058799861057407558e+08 2.326481664152156934e+07 5.008606210071646422e+07 1.067958820997620188e+07 5.728442987409521341e+08 6.293821369963300228e+07 9.222855349360562861e+07 8.259135604973849654e+07 3.805703338870406151e+07
3.830199030535465479e+08 1.270362175351094268e+07 3.780044746261214465e+07 4.485454020656690747e+07 3.065567753150551394e+07 5.148714313750173450e+08 4.078778994472716935e+06 9.321818620456323028e+07 4.327112694333290309e+07 6.215249854744227231e+07
4.261514359281780124e+08 1.686804088682647422e+07 2.768350951514749974e+07 5.030283166758314520e+07 1.361319273854622059e+07 2.196755108067575991e+08 2.932594384982271492e+07 5.024205086636538059e+07 5.805962693342553079e+07 4.935667426747948676e+07
2.230827992307141721e+08 3.854273345487397909e+07 9.647597921744877473e+06 4.778330665557256900e+06 4.308889829508928955e+07 2.486494782530955970e+08 5.310162326383962482e+07 5.035615174259727448e+07 9.470151599007569253e+07 4.141618606123857945e+07
5.795756676050907373e+08 4.701050983713831007e+07 6.289541812273836881e+07 3.827291845504853874e+07 5.865802006910811365e+07 5.366395644039356709e+08 1.229351545546729490e+07 6.955498630831503868e+07 3.663538588777258247e+07 2.230463353496785462e+07
5.819471381668697596e+08 6.651834099191294611e+07 2.450272664667189494e+07 4.388457179918847978e+07 6.289957757057631016e+07 8.068355987768563032e+08 6.051936488604469597e+07 2.834309254063146934e+07 3.297479167181913927e+07 4.851471939508517832e+07
6.154855854059665203e+08 4.137779901738104969e+07 3.194592144445598498e+07 7.249689318469232880e+06 2.331875128729107231e+07 4.500347225071436167e+08 1.770843375704581663e+07 2.717402717297148332e+07 4.578265102996716648e+07 3.164694112152004614e+07
2.469649662095983624e+08 6.116366971769114584e+07 4.028162166941243410e+07 4.194463237845238298e+07 5.001318732417043298e+07 3.065945113083055615e+08 1.017885518003786057e+08 4.513714215737941861e+07 3.776086822623638064e+07 5.950459479968105257e+07
1.284017215503969491e+08 6.911723013874483109e+07 2.085225400770654529e+07 3.928368383391168714e+07 8.865646787647600472e+07 4.505131296444814205e+08 4.864313551518061757e+07 3.661764363755681366e+07 2.342713125626569614e+07 5.079483312038556486e+07
3.379077629735135436e+08 6.735686940338949859e+07 1.319170720047860406e+07 3.487992705299080908e+07 1.720413580376578867e+07 3.313470021006471515e+08 3.734933047299156338e+07 2.393289552107844874e+07 4.266241336046195775e+07 2.763333445466471091e+07
7.241614343859229088e+08 3.997915708645457774e+07 3.078085249585869163e+07 8.247070204795099795e+06 3.610683309941782150e+06 1.194061509840780258e+09 1.898373352689287812e+07 2.652427138222543523e+07 2.405831381874017045e+07 5.785523506339079887e+07
9.049691351161247492e+08 2.099775736992518976e+07 1.080494357758473046e+07 1.632862060434670560e+07 5.119377510645698756e+07 1.086622614776101589e+09 6.087562536629351228e+07 1.252120881274187379e+07 2.664471374991409481e+07 3.210713202785823122e+07
2.391167802148494422e+08 8.004279261513988674e+07 4.016222410122964531e+07 2.610148960209719837e+07 1.435222692944451235e+07 1.259135452619883776e+09 1.572443937453909591e+07 2.836157807165187225e+07 4.607833915650718659e+07 4.122850409799693525e+07
8.564471983253446817e+08 4.115328228530869633e+07 2.624990284419886023e+07 2.718787189823288098e+07 3.647160634547855705e+07 1.568004117596617937e+09 4.046569648693285882e+07 4.313596198190928251e+07 9.392110590251211077e+06 2.226215605214237794e+07
3.311897097936456278e+07 3.785751848033940792e+07 2.188636380380565673e+07 2.504596274413861334e+07 2.722375717445845902e+07 1.203428270508826733e+09 3.309994107254249975e+07 2.381102652725138888e+07 2.319220657674869895e+07 3.067431024907433987e+07
9.884395273686281443e+08 3.071589755218377709e+07 4.317368949265812524e+06 1.564605155399621464e+07 5.209028520607141405e+07 1.154201787870241165e+09 1.605261621805479564e+07 1.173043557776031457e+07 1.135023704392414540e+07 1.951289858544178680e+07
8.248689102107591927e+06 3.814084002509979997e+06 1.320955379511479475e+07 6.088927597146532498e+06 1.098497733973658644e+07 2.380998011608439445e+09 2.065288415250169858e+07 1.095578841580463946e+07 1.920451556211005896e+07 3.294865648771389574e+07
