1.385231191468488192e+06 5.766737100064856932e+05 1.877144363469923381e+06 4.307753705354275182e+06 6.277333268067985773e+06 7.509335920863761567e+06 7.643344592118674889e+06 5.995229328835836612e+06 2.899512517480769195e+06 8.170033654173763935e+05
2.622944142904191278e+06 1.494646919904401759e+06 1.140189884049817454e+06 3.864245029057086911e+06 6.001738384703500196e+06 7.349924792644523084e+06 7.573219544365697540e+06 5.740739445913175121e+06 2.177059520722912624e+06 1.604323516891049687e+06
4.070603809308215976e+06 2.673174629931618925e+06 3.358343585604419932e+05 3.311758321445999667e+06 5.574653631062697619e+06 7.006342579483424313e+06 7.346674212635354139e+06 5.352731840827130713e+06 1.385462406670102850e+06 2.936359225814281963e+06
5.643529945383898914e+06 3.943092916093174834e+06 6.382393874095096253e+05 2.674078660200329497e+06 5.003261280759902671e+06 6.461432056203051470e+06 6.941986360722080804e+06 4.830325640969909728e+06 1.001989044063291745e+06 4.502881138720887713e+06
7.251687419684950262e+06 5.213659063629804179e+06 1.522331028812607983e+06 1.998568772430898855e+06 4.330271616808619350e+06 5.725273726289500482e+06 6.343731813845819794e+06 4.184091367627213243e+06 1.763452380230518989e+06 6.203481453138400801e+06
8.775821459715032950e+06 6.379291642814323306e+06 2.335699447908094618e+06 1.372117425595844863e+06 3.672758367698264308e+06 4.877753173836984672e+06 5.548009432778415270e+06 3.439690880093022250e+06 3.020402631843447220e+06 7.938121585357656702e+06
1.006448716817558743e+07 7.317026574128205888e+06 2.970138273736310191e+06 9.491686504352577031e+05 3.279427068354064133e+06 4.171702269966802560e+06 4.570800217838848010e+06 2.641044036066723522e+06 4.393471363204970025e+06 9.577835350456729531e+06
1.094211615911166184e+07 7.901745666040421464e+06 3.315816956201696303e+06 8.583971479306359543e+05 3.462194190953474957e+06 4.142275701376500539e+06 3.465021286404357292e+06 1.851876615857459838e+06 5.733818198028664105e+06 1.095983571475434676e+07
1.123240806522017159e+07 8.042613270236161537e+06 3.275379312990605365e+06 8.843963182736448944e+05 4.248960842545028776e+06 5.205829975878437981e+06 2.372630571775127202e+06 1.153504852019065060e+06 6.914609135980203748e+06 1.189262597113413922e+07
1.080799327962731197e+07 7.757174023072526790e+06 2.810976662560366094e+06 7.294923789890640182e+05 5.353532397826623172e+06 7.124660433206874877e+06 1.709407012753770920e+06 6.358387748350808397e+05 7.810652061966838315e+06 1.217141010654997453e+07
9.692158788171527907e+06 7.307223133935353719e+06 2.102077912799567450e+06 4.896575616087047383e+05 6.472045294567309320e+06 9.460562596677901223e+06 2.048885330878192792e+06 4.063371349337784923e+05 8.312634918512420729e+06 1.160592931647370011e+07
8.275567954310066998e+06 7.326318373899358325e+06 2.065353022829442285e+06 1.223415875243125949e+06 7.362005802916844375e+06 1.184873724346668646e+07 2.922929945270129479e+06 6.478855882274812320e+05 8.357963734255833551e+06 1.006233157725008577e+07
7.634153050786265172e+06 8.464080929805412889e+06 3.449913449899182655e+06 2.667821911900731269e+06 7.826541410339118913e+06 1.393838463246664777e+07 3.721386942284812219e+06 1.384226219870493747e+06 7.976293970977706835e+06 7.520807752797617577e+06
8.885206893694916740e+06 1.054788581937888265e+07 5.382824690907669254e+06 4.439553670539461076e+06 7.719454197830781341e+06 1.534337571231297404e+07 4.182270659428715706e+06 2.584900775544041768e+06 7.342799597370955162e+06 4.176935211309915874e+06
1.135688993601045012e+07 1.268108742097621597e+07 7.151481844694816507e+06 6.249768338579989038e+06 6.974695518225718290e+06 1.563989238914138637e+07 4.199276823133182712e+06 4.173823002896488644e+06 6.792114568978595547e+06 1.590619446090045618e+06
1.338356767886070535e+07 1.383527499309115857e+07 8.273689270471825264e+06 7.742380315026291646e+06 5.650344221209686249e+06 1.440527331190437451e+07 3.814652648069542367e+06 5.969053137067053467e+06 6.647797488048642874e+06 4.605653296364751644e+06
1.354174558141614683e+07 1.313280791876420937e+07 8.466347259126659483e+06 8.554587116054911166e+06 3.985500194890812971e+06 1.131532493296782300e+07 3.301662223429513164e+06 7.686440379310011864e+06 6.845108453207461163e+06 8.000482758178179152e+06
1.099475143080816977e+07 1.011126667427942343e+07 7.843951020348962396e+06 8.449024987878160551e+06 2.521679491068806034e+06 6.470859364494116977e+06 3.159972976652764250e+06 8.979637745053699240e+06 6.860502308824038133e+06 1.019751801136524975e+07
6.554487294905773364e+06 5.400225491410280578e+06 7.145545206515679136e+06 7.479406929795911536e+06 2.227607074898786843e+06 4.369103558724959381e+06 3.537060426259232685e+06 9.519895771583676338e+06 6.103266688024268486e+06 1.069016253503837064e+07
7.621477372109709308e+06 5.225165083016233519e+06 7.360596390090988949e+06 6.082896422942302190e+06 3.118080576801881194e+06 1.186004316602622904e+07 3.830435238594340160e+06 9.111079338558370247e+06 4.349860513298845850e+06 9.561240257907934487e+06
1.449330379948830232e+07 1.105690262393771671e+07 8.369190476234469563e+06 4.833418454472726211e+06 4.621629736252832226e+06 2.100758724917003140e+07 3.351658057523488998e+06 7.822583211961052381e+06 2.890624604188370518e+06 7.800745335123333149e+06
1.876305478085836768e+07 1.543652230318677425e+07 9.271196949065562338e+06 3.937989770743960515e+06 6.899305538697381504e+06 2.896587174427254498e+07 1.762866641603296855e+06 6.118336794873213395e+06 5.287864103575419635e+06 7.156357968264814466e+06
1.625013363497846760e+07 1.608907880024098232e+07 9.917826729278888553e+06 4.444358635379557498e+06 9.619262495378287509e+06 3.338258743860815465e+07 7.593987326841210015e+05 4.876513872144629247e+06 9.135328603460358456e+06 7.831650217394433916e+06
6.457461249079789035e+06 1.280101369566782936e+07 1.064702517904026620e+07 8.046658845710382797e+06 1.158072494722549617e+07 3.197561680969622731e+07 3.406747159176435322e+06 4.636952370363119058e+06 1.215131645590893738e+07 8.000743896050337702e+06
1.284844861122657917e+07 7.419031466520465910e+06 1.090860261366868764e+07 1.285105862608680688e+07 1.126836000591267273e+07 2.328162691127368063e+07 4.859971830588525161e+06 4.529136772589572705e+06 1.337360656900940463e+07 6.792062028253386728e+06
2.666915886710120738e+07 3.252907908637175336e+06 9.867908829084917903e+06 1.588981190893149003e+07 7.821525626772739924e+06 8.218785335150168277e+06 3.727666758707985282e+06 3.617779651614064816e+06 1.284325205013979785e+07 5.090109675921587273e+06
2.893443513624388352e+07 2.445366341076671612e+06 8.422856112349161878e+06 1.487959643062687479e+07 3.253324731697733514e+06 1.361024072092863359e+07 1.660784039680662332e+06 3.090709559702789411e+06 1.158050216037677787e+07 4.790185291497924365e+06
1.526290486677460559e+07 3.610458445572210941e+06 7.700311044242051430e+06 9.807573830824157223e+06 6.696943622139171697e+06 3.081777543741102144e+07 8.566956907151464373e+06 5.413244433795667253e+06 1.067709595083418861e+07 5.984834522375685163e+06
1.398500415510923043e+07 7.242452125730300322e+06 6.222300557659238577e+06 3.588194231040457264e+06 9.596972330732988194e+06 3.790559931552907079e+07 1.620214257580611669e+07 7.913633088051130995e+06 1.076536987149049714e+07 7.001057166802666150e+06
2.877548596799868345e+07 1.265503325690075941e+07 5.804825834918100387e+06 3.344170000121619087e+05 8.247342938168683089e+06 2.817364379682899639e+07 2.093861285067470744e+07 8.229981044971918687e+06 1.150001715742251091e+07 6.615494054441750050e+06
2.207876739748713747e+07 1.634193192006917670e+07 6.831497055765655823e+06 1.436980596707871417e+06 1.042578341697128490e+07 1.361627176079169475e+07 2.093162599345330521e+07 6.353803618883285671e+06 9.833578347348168492e+06 5.612965399970083497e+06
2.052881566612014920e+07 1.269130678954366036e+07 5.280435140865376219e+06 2.438578723932950292e+06 1.607152791335480288e+07 4.423276657776909322e+07 1.801205991621534526e+07 4.762921839766576886e+06 3.634767623901170213e+06 6.724908178524767049e+06
2.978034907470298558e+07 2.593117762527319603e+06 5.601921141609288752e+06 2.726157973918998614e+06 1.421464204822482541e+07 6.932305158532981575e+07 1.620858578721865639e+07 3.535535793715263251e+06 4.726191879253297113e+06 6.639576788399639539e+06
1.653919690311491489e+07 5.097614738179212436e+06 3.558244901630325243e+06 4.857781798921725713e+06 3.613081624236341100e+06 6.061958877112723887e+07 1.568614193848947808e+07 8.853680010238023242e+05 7.838845086900568567e+06 4.593469275332311168e+06
4.261510926506595314e+07 1.143263130260901712e+07 1.430855044698203215e+06 3.668261615761069581e+06 7.157935480694388039e+06 1.400228121698785014e+07 1.480399243039001897e+07 6.132156959584934637e+06 5.150277633291836828e+06 1.079878729684083909e+07
2.869898115063045174e+07 1.626845514896399900e+07 6.039919610829045996e+05 1.000525114204180054e+07 5.929922968459578231e+06 5.382061618802703172e+07 1.225673887836176343e+07 7.895270755268353969e+06 3.702084652425449807e+06 1.265794253709457628e+07
2.718916917663430423e+07 1.216655258024910465e+07 5.709631154825132340e+06 1.307325474374628812e+07 4.494926787820359692e+06 7.990934968843734264e+07 9.370576394191065803e+06 7.958536067676845007e+06 6.216614749251761474e+06 8.499408344673138112e+06
2.457529625272984803e+07 7.937761733355834149e+06 1.021673935010961816e+07 9.604824864669144154e+06 8.653671825225435197e+06 3.567605859051706642e+07 1.276012828431721777e+07 1.109161723939000070e+07 1.004064963781962916e+07 8.598072821973325685e+06
4.072975292154909670e+07 5.241655496253592893e+06 7.430004983586157672e+06 1.098431422015392594e+07 2.307503318662331440e+06 5.893391832536901534e+07 9.333782700462831184e+06 6.283455578588095494e+06 9.054631022500332445e+06 3.119271002722463105e+06
2.160253984471783414e+07 4.627093772437775508e+06 9.966473168983113021e+06 1.218714929431805573e+07 2.541872339063966181e+06 8.518193006138961017e+07 5.982512180359167047e+06 3.134542679314994719e+06 9.685434442744560540e+06 4.331347845118027180e+06
6.229802900344242156e+07 6.397013999288760126e+06 1.099276126449651644e+07 8.180399228098834865e+06 3.714409250772859901e+06 1.141487951756778546e+07 1.249608866744979657e+07 1.629804910248251446e+07 1.608690308453039825e+07 4.359347050886416808e+06
2.559338568578783795e+07 9.697316242222214118e+06 7.365004706492450088e+06 3.746020747347801924e+06 4.188449618733906653e+06 1.127582883288338333e+08 1.461702063780253753e+07 2.107188780136391893e+07 1.907866020834709704e+07 1.204676781872180104e+07
4.301048743006127328e+07 4.662087881017809734e+06 1.692974241830189526e+07 2.996875995178443380e+06 7.151272421636356972e+06 6.672865113953454792e+07 2.581757270139982551e+07 1.602096443147693947e+07 1.512838747109879553e+07 6.365806813691834919e+06
6.696826733044944704e+07 2.080267413400842994e+07 2.065696625737890229e+07 1.713944872118169069e+07 8.893020231668744236e+06 8.741336040075284243e+07 2.745839255918141082e+07 9.290193846108747646e+06 9.799472208660403267e+06 1.202364662971459329e+07
2.188784851093748957e+07 8.730797757458111271e+06 2.849397516137380525e+07 2.018561135530891642e+07 2.237696642894786969e+07 7.078586655893853307e+07 2.574569046744613349e+07 1.374531956580638327e+07 2.792373820063126087e+07 2.756631317554202676e+07
3.367007918836171925e+07 5.328092351785061881e+06 1.602265336000596732e+07 1.230941133167806081e+07 2.969584106548887491e+07 1.137668496105707437e+08 6.624603638970196247e+06 2.401018134562700614e+07 1.118815392267448083e+07 1.760749891852364689e+07
4.506111943045204878e+07 2.240019755173384771e+07 7.482060979517024942e+06 8.730691961896045133e+06 6.638691370399675332e+06 5.679336237153548002e+07 1.820412873089767247e+07 2.304274935627203807e+07 1.589136943340107426e+07 1.812087256879866123e+07
6.312470966558980197e+07 7.021166806096993387e+06 1.453975183651572280e+07 7.720981384313936345e+06 2.421238473670219537e+06 1.595533376714935005e+08 1.174044610962732695e+07 1.805662984532126039e+07 4.454364385645312257e+06 1.374863554420829937e+07
9.127627192799545825e+07 7.948974671397807077e+06 1.463261478483859263e+07 9.668539937702033669e+06 1.120706961085193045e+07 1.461105109535599872e+07 8.055597203127540648e+06 2.588448163661373407e+07 1.550399726820369251e+07 5.452688418350363150e+06
9.712422565865267813e+07 1.442320990725878440e+07 8.906061794529696926e+06 8.934025544033009559e+06 2.099236670228342339e+07 1.077131129121892750e+08 1.542723651041068695e+07 1.368736233903152123e+07 2.513997862644070387e+07 2.450346781348450109e+07
8.486662824310497940e+07 1.628845822266433388e+07 1.277306670973997936e+07 1.288586911063895002e+07 3.741423055906616151e+06 1.794015424317241907e+08 1.964889257967909798e+07 1.363784700072165020e+07 2.000942028567446023e+07 2.048780515376170725e+07
7.015866065859387815e+07 2.056960085990611836e+07 1.993179986841760948e+07 1.819477426859143749e+07 1.618080001794349030e+07 7.273026926465414464e+07 6.398022428910967894e+06 1.381917804916733690e+07 1.257649995581666380e+07 9.809969531815331429e+06
5.453963231329347938e+07 8.595750692944191396e+06 2.331902187646438554e+07 8.552597301957044750e+06 1.707129305190178379e+07 5.226895354197224230e+07 2.013735051397877187e+07 1.594059000498605147e+07 1.792639179330440983e+07 1.605405884963377379e+07
5.582082806092783064e+07 1.115447474919595569e+07 1.578013081344848312e+07 6.797655884866253473e+06 1.480423717784717679e+07 1.194267242514995635e+08 2.484235772076632828e+07 1.004249243814392388e+07 3.287279011156872287e+07 2.557666690330166370e+06
1.200326150149778724e+08 1.236191248816660233e+07 2.940474170269312710e+07 8.956587048959236592e+06 2.731282260589788482e+07 2.012187835331486464e+08 2.084841965536369383e+07 2.256140815095135942e+07 1.605781321452179551e+07 1.743561137186536193e+07
6.164922805350462347e+07 5.663770270229455829e+07 2.666906903897187114e+07 3.061856946711433306e+07 1.408844640241896734e+07 1.880100866722383499e+08 5.043775837772544473e+06 1.134169274901962467e+07 6.089347655121184886e+07 3.542281055863195658e+07
1.046907158978942633e+08 4.350934499271778017e+07 1.827085523453254253e+07 2.348001419729014859e+07 1.539061560814210586e+07 2.512017751325775385e+08 6.813397722754539922e+06 2.403166966577753052e+07 2.715737831988576427e+07 2.068026000214797258e+07
8.183361768108299375e+07 1.284948600373381004e+07 1.509827890474728867e+07 2.149782900861060619e+07 1.552099972432430275e+07 2.355315831262722909e+08 3.634585714070989192e+07 1.338105078448924236e+07 4.088081970728303492e+07 1.043630519335364550e+07
1.489713139199942648e+08 4.417829379341188818e+07 1.689955117809631675e+07 3.212115844685128704e+07 5.881325337852237746e+06 2.204926783181144893e+08 2.837278544832045212e+07 2.746477189695160463e+07 5.453009411798352003e+07 1.778101960083114728e+07
1.400057096728658974e+08 2.272457073321373388e+07 4.084278878365384042e+07 5.173045480157719553e+07 2.428833271406470612e+07 1.436496498624224067e+08 2.454294265009915829e+07 9.330750798220572993e+06 4.715892129586358368e+07 1.294119659154322743e+07
9.530692174736027420e+07 4.056753862979648262e+07 1.723729638038908318e+07 3.667879240443235636e+07 1.564548622018108889e+07 1.661129947607528269e+08 1.662337922116530128e+07 4.179731817915564775e+07 4.255877090256373584e+07 2.527362455691887811e+07
9.059933210673962533e+07 5.438137673995801806e+07 1.750659765014841035e+07 1.523340810915548168e+07 2.750150192629441991e+07 2.799054334366289377e+08 2.569876445147402212e+07 4.121179335796714574e+07 2.981511441374715045e+07 1.483161371313523315e+07
1.093913143215422332e+08 4.348192601484036446e+07 9.576071261693671346e+06 4.837636543220956810e+06 1.735165993300294504e+07 1.101666491339377314e+08 7.960108156737484038e+06 2.268150228695753589e+07 5.818206388112656772e+07 1.852297174138279259e+07
2.129933072072276473e+08 9.887521596356052905e+06 3.370241445952144265e+07 4.250594442515816540e+07 2.653343710917549580e+07 2.965040795479071736e+08 2.827452070570271462e+07 3.930140629574950039e+07 1.689756567089364305e+07 2.453175304851672053e+07
1.446940763705061376e+08 1.746053914055442438e+07 5.934854420690318942e+07 1.734518346969163045e+07 5.110380145484488457e+07 1.533952636532007456e+08 2.752693362711350247e+07 1.671122025089447945e+07 1.941055339286478236e+07 7.053801912477092445e+07
1.951904434864708781e+08 7.376414397873832844e+06 2.553913411765164882e+07 4.316147686810223758e+07 4.581028400513082743e+07 3.936367102667677999e+08 1.637445941574684530e+07 3.399781909714583308e+07 1.449760518824106641e+07 5.143699830910688639e+07
9.528472417992389202e+07 2.491050588242929429e+07 2.028465090016310662e+07 4.695659011837596446e+07 3.067943405725241825e+07 3.413737304119040966e+08 1.351025836354148947e+07 6.141741437318650074e+06 3.370746700080065429e+07 3.337024986230133101e+07
2.404396485126452744e+08 3.146154724979484826e+07 4.562617922751940787e+07 2.232840481787182763e+07 3.271632418128689751e+07 2.426654232363118231e+08 3.099489602164259180e+07 3.262449621677060053e+07 4.076131079424926639e+07 9.412988669493824244e+06
2.572340941221340895e+08 1.068016608594536036e+07 6.878924691654866934e+07 2.576314750608054921e+07 3.713307526102598757e+07 2.174800316751712561e+08 4.680675736362859607e+07 4.737295177954147011e+07 4.267450043324212730e+07 2.290742136108569056e+07
2.713418240607923269e+08 1.714071375838626549e+07 2.325814175096482411e+07 1.998087223055826500e+07 1.485715325575332344e+07 3.972889883549002409e+08 2.720143029091740027e+07 3.682680725479387492e+07 3.022450760122951865e+07 1.444415533346634731e+07
1.152762355748842657e+08 1.860544436877397448e+07 4.191806176829961687e+07 6.146971645539089292e+07 9.823922037359332666e+06 4.761298094610375762e+08 3.710109916999897361e+07 1.394810279387913086e+07 7.313392212988725305e+07 3.563994701689688861e+07
3.442994449809291363e+08 2.294408594142190367e+07 3.187150848557675630e+07 3.399667281662970036e+07 2.829945215634569153e+07 2.954297704342489839e+08 6.432614663853185624e+07 3.854621308303639293e+07 2.934962111605784297e+07 4.752616131722392142e+07
3.122560242348882556e+08 2.849370144502698630e+07 3.626153632345574349e+07 5.191096273032172583e+06 1.032264720831882395e+07 5.255395287888968587e+08 1.360352243755006231e+07 3.944480826684822887e+07 7.978258547934710979e+07 5.373355139315431565e+07
2.469645758128276467e+08 3.604092638188441098e+07 5.325889276494112611e+07 1.786938782243488356e+07 2.539669411722644418e+07 1.317981815781285167e+08 5.524463649196831882e+07 3.195122979633278027e+07 2.203844928660801426e+07 6.693603128060413897e+07
3.506189848242627978e+08 2.037162113796102256e+07 4.676660448888989538e+07 4.971301537147545815e+07 1.371746745133883320e+07 5.581672686388092041e+08 4.423239639258360118e+07 5.560359032241570950e+07 4.036516340798010677e+07 2.545575128013340011e+07
2.629227088792191446e+08 6.742205962328553200e+07 9.223233712403712794e+06 1.667534991988774948e+07 3.073725028804530948e+07 6.650390272883508205e+08 1.661950260063925385e+07 3.009648614919102192e+07 2.336839558580043539e+07 6.946656190859629214e+07
4.661986862281405926e+08 1.829177435466973856e+07 4.921131794363501668e+07 2.301114783262323961e+07 8.701594690104946494e+06 4.509938226863155365e+08 1.534989929532242939e+07 1.392641827488702349e+07 5.016214402915105969e+07 4.735240731504740193e+06
5.004321167228679657e+08 4.193179764474739879e+07 2.507771286369185522e+07 4.509917061396124959e+07 2.755406543185354024e+07 3.628505696399031281e+08 3.116318990809269994e+07 1.403336408926092461e+07 6.027512555489518493e+07 8.796282041208047420e+06
4.130468970963127613e+08 4.242614071719011664e+07 6.885787174009123119e+05 1.676306444793978147e+07 4.120544608204498887e+07 8.325085260847038031e+08 1.582043253639748506e+07 4.844092689524874091e+07 1.885341607241864502e+07 2.813527949896381795e+07
4.783310838624279499e+08 1.439593205899310671e+07 6.335204536594068632e+06 4.296613830259952694e+07 3.491527487527982146e+07 8.293959857574973106e+08 3.880092731250958145e+07 6.581742814365129918e+07 5.533076657687245309e+07 3.250296782836887985e+07
4.687700550707074404e+08 3.030997942912346497e+07 4.034899082756147534e+07 1.519948993719719909e+07 1.565684141641023383e+07 8.962514902621670961e+08 1.723781951342301443e+07 2.685002690218964964e+07 3.495797545212262124e+07 7.180041928888168186e+06
6.691226134566242695e+08 3.360349092267984897e+07 2.531279425574855134e+07 2.926467638014337048e+07 1.466349815261682868e+07 1.104517157896319628e+09 1.323910166267922521e+07 8.987288866226129234e+06 5.483716746376670897e+07 9.826022700540937483e+06
3.221918375667078495e+08 4.873189810614403337e+07 2.473030832775170729e+07 9.689340236841415986e+06 1.508418172997528687e+07 3.135625069421941638e+08 1.996240008506869152e+07 4.258725740928415954e+07 6.851368021738368087e+06 3.957419713120983541e+07
3.799854387027434707e+08 1.991311865869126841e+07 1.791567409613988549e+07 2.071279659167687222e+07 2.377053958674545586e+07 1.183837465929576397e+09 2.520581515792931244e+07 5.808459519606032223e+07 1.267352400610380433e+07 2.083462863711933792e+07
7.749449193762179613e+08 6.385942630526459776e+06 1.537547596902393550e+07 5.226675750952171162e+06 2.877412629446438700e+07 1.294765330099777699e+09 1.924579028534419090e+07 2.112226129056899622e+07 2.873809788537096232e+07 1.602040683082600310e+07
8.651381911478623152e+08 1.697024487788805366e+07 1.827666587736709416e+07 7.242568327982420102e+06 1.729687820868770033e+07 6.405661870371900797e+08 8.078347416897919029e+06 2.375496209488021210e+07 1.887745331956870481e+07 2.718110864178014919e+07
5.017722038403062820e+08 1.523271726869604317e+06 7.461457217898529954e+06 8.204276992282936350e+06 4.788417244709085673e+06 1.550343057452979088e+09 9.332348668626939878e+06 2.825998737099697068e+07 1.036617179092690721e+07 2.677741763482524455e+07
8.801954046214933395e+08 9.286923918057147413e+06 1.141429524282836355e+06 3.701952828677774873e+06 2.159651446955174208e+07 1.586941597518229961e+09 2.124883343559976295e+07 4.967031376392355189e+06 1.023584136897311546e+07 2.128626216802774370e+07
3.431909982485148311e+08 6.519655906227171421e+06 1.052384893582700565e+07 2.006326541609405354e+07 1.014794372800700553e+07 1.738567779562940836e+09 1.608575822637023404e+07 8.611990084934804589e+06 2.280745752651797980e+07 1.933683858841624856e+07
2.935710090970737934e+08 1.102058507760534249e+07 1.292193767408976704e+07 1.899386210240195040e+06 1.184509853651903570e+07 1.504534969055515766e+09 1.105456373112961464e+07 8.437387622994445264e+06 1.006440716269951686e+07 2.028565456368826563e+06
1.329725383776588917e+09 7.002441614700959064e+06 1.081393180363356695e+07 1.153380860096211359e+07 2.225190353074498102e+07 1.808418204858847141e+09 1.332159763429429568e+07 3.174433645284683909e+06 7.424114879726416431e+06 1.460694845901536569e+07
1.280875815541875839e+09 2.536970684514805675e+07 5.868472680812840350e+06 9.895065579191774130e+06 1.664528104161437787e+07 1.811637800450895309e+09 1.963261950896589831e+07 3.346262711159129161e+06 3.522619325675400905e+06 9.680657653378318995e+06
1.632131935816830158e+09 1.102959886864379235e+07 1.549266893086030893e+07 7.685264449510591105e+06 1.421118927506686188e+07 2.533961940333961964e+09 7.350625448962936178e+06 4.605700148831125349e+06 1.560371178021806292e+07 1.302097802308967523e+07
4.429731411631986499e+08 2.278027204192586988e+07 8.807259096860840917e+06 5.177888091269705445e+06 1.285721276424913667e+07 3.146087096303989887e+08 1.407907644332168810e+07 3.965371984461039770e+06 7.121418571503308602e+06 3.468282341952263843e+06
