1.677224373985535931e+06 2.041307428979757475e+06 3.042172189427782781e+06 4.342400868859046139e+06 5.408749482452786528e+06 6.052456647220321931e+06 6.133243781331274658e+06 5.339732829546986148e+06 3.758717392741287593e+06 2.231757370244165882e+06
1.319624078082279069e+06 1.723608415591021534e+06 2.703103864908947144e+06 4.117040523721136618e+06 5.277122012417415157e+06 6.000013320352728479e+06 6.147259523804993369e+06 5.282987721196838655e+06 3.442459833144397940e+06 1.695142992816370679e+06
1.358823944996589562e+06 1.657521930866432842e+06 2.335776094466387760e+06 3.781379099091696553e+06 5.003263555514333770e+06 5.801955487650246359e+06 6.041321081773100421e+06 5.126499984553105198e+06 3.004945310837246012e+06 1.103021338573224843e+06
1.971452963865086203e+06 2.051816202321379911e+06 2.047523988161976216e+06 3.335920577787288930e+06 4.565283648880445398e+06 5.434768190083105117e+06 5.793505568557373248e+06 4.860751048327757977e+06 2.442327988613743801e+06 8.013282878187798196e+05
2.925795513981455471e+06 2.838470711957491469e+06 2.022825235365453176e+06 2.796512189494695514e+06 3.948630183596051764e+06 4.890840073395784013e+06 5.385878870162309147e+06 4.481932388145398349e+06 1.760024125154279172e+06 1.357039951123448554e+06
4.028618517203876283e+06 3.839448824549709912e+06 2.386227777914876118e+06 2.209122172812662087e+06 3.159496081593278795e+06 4.211495350065741688e+06 4.810952990696422756e+06 3.995466443260192405e+06 9.826958771415628726e+05 2.321704658621444367e+06
5.153664893141600303e+06 4.915257043227488175e+06 3.052217474174318369e+06 1.685768306251368718e+06 2.272117956733888946e+06 3.580745795679895673e+06 4.085828218923331238e+06 3.421632163608470466e+06 3.253351135093334015e+05 3.389397815136688296e+06
6.178390462097886018e+06 5.944285685678705573e+06 3.850906608246546704e+06 1.452802487557995133e+06 1.644033710026039742e+06 3.493592767471654806e+06 3.288953691938120872e+06 2.806647467733864672e+06 9.538236143919304013e+05 4.434514693642471917e+06
6.964932529642680660e+06 6.800298493981761858e+06 4.634773217644281685e+06 1.664317998104688246e+06 2.101012164381709881e+06 4.503723870588978752e+06 2.659485566869386472e+06 2.248045352838562336e+06 1.861009066201877315e+06 5.345099577529182658e+06
7.362168012468161061e+06 7.349562986494653858e+06 5.279537788873524405e+06 2.104308331231765915e+06 3.456845065997247119e+06 6.535849045519326814e+06 2.683440534574486781e+06 1.934919192083969712e+06 2.725303126191772055e+06 6.001672726081754081e+06
7.221515695192769170e+06 7.461913863642050885e+06 5.677030992162454873e+06 2.495083350503116846e+06 5.116498429043708369e+06 9.263951040522051975e+06 3.565109109187029768e+06 2.076464885869181016e+06 3.468207785078070592e+06 6.284141476293938234e+06
6.426481910487832502e+06 7.034194149892730638e+06 5.742300786855100654e+06 2.668408126720688306e+06 6.813403549340050668e+06 1.245735340844067931e+07 4.927826778049460612e+06 2.641023812253831420e+06 4.025840109976598062e+06 6.090987045344126411e+06
4.937311366708301939e+06 6.027837135844106786e+06 5.431861931752351113e+06 2.544740388336614240e+06 8.355119016173197888e+06 1.591735683998801932e+07 6.413224540950284339e+06 3.444587529915241525e+06 4.347429627405459993e+06 5.368414289483897388e+06
2.857998463844950777e+06 4.532440333027857356e+06 4.770205607825883664e+06 2.176259435053219087e+06 9.547723659103838727e+06 1.940883256767726317e+07 7.780838863265939988e+06 4.364937657732388936e+06 4.400183758931861259e+06 4.148420546940242872e+06
8.221222117927318905e+05 2.939095523519973271e+06 3.888201913068517577e+06 1.923476275152821792e+06 1.019420362508844025e+07 2.262838548724917695e+07 8.833793999287167564e+06 5.325227794674851932e+06 4.176280397151121404e+06 2.602978503724171314e+06
2.256574269700757693e+06 2.462199855620431248e+06 3.093314743329973426e+06 2.403877840826448053e+06 1.011861034139710665e+07 2.519455065198989213e+07 9.401367870437294245e+06 6.230770003807488829e+06 3.723240590507424437e+06 1.252869470465912018e+06
3.814613222939746920e+06 3.634476252070734743e+06 2.905091703034991864e+06 3.477290509082759265e+06 9.207850418657341972e+06 2.665834256953938678e+07 9.356435854175508022e+06 6.932322560156074353e+06 3.268839557946076617e+06 1.488976708940612385e+06
4.014840838706505951e+06 4.934434761867407709e+06 3.570662096769426949e+06 4.516143127735789865e+06 7.469595482067903504e+06 2.654015846925278381e+07 8.650342353605784476e+06 7.229636856641053222e+06 3.437583947147929575e+06 2.329494352410811931e+06
3.250746766073527746e+06 5.675376467649504542e+06 4.717949412621854804e+06 5.008453464734058827e+06 5.116170238250765949e+06 2.440347673385292292e+07 7.357572338080077432e+06 6.928590255927775986e+06 4.728145552671158686e+06 2.965504798035172746e+06
6.139003344346125610e+06 5.961697085130206309e+06 5.904730299580121413e+06 4.588840752616735175e+06 2.805016999893089291e+06 1.998465606211643666e+07 5.730843684730651788e+06 5.971801311783683486e+06 6.686147142844861373e+06 4.341636762176531367e+06
1.301890796739896014e+07 6.359535353283187374e+06 6.655689293532540090e+06 3.116491758546072058e+06 2.442464864404791966e+06 1.346398088323121704e+07 4.284399816258190200e+06 4.709055690347135067e+06 8.469982165626490489e+06 7.257133701503444463e+06
2.078850165901510045e+07 7.054348118567248806e+06 6.339138874008504674e+06 7.892797266693228157e+05 3.665316380159839988e+06 6.865330012586149387e+06 3.776271628723550588e+06 4.312207447025911883e+06 9.189656965499686077e+06 1.108371782206827402e+07
2.638520566463546455e+07 7.305735774978597648e+06 4.338016379244578071e+06 1.855146547396123875e+06 4.003842992004992440e+06 9.737106848761377856e+06 4.405419619992190041e+06 5.611885556852805428e+06 8.107938938633216545e+06 1.458701908905505016e+07
2.658537936756874993e+07 6.485801956227099523e+06 5.245349472120261053e+05 4.000465967767612543e+06 2.747400978808626533e+06 1.826590355228525400e+07 5.567866871696581133e+06 7.468655742376154289e+06 5.152679251828094013e+06 1.651386392242134921e+07
1.986133852277071401e+07 5.728348082837010734e+06 4.520762571801670827e+06 5.017923815714655444e+06 9.120802033196528209e+05 2.497659112212274969e+07 6.905368776589356363e+06 8.910027278052922338e+06 2.798272730245773215e+06 1.608117896265862882e+07
1.346872565661600232e+07 6.984862945061897859e+06 8.935469519589668140e+06 4.877799294184743427e+06 3.859771700040137395e+06 2.689542268620945513e+07 8.200017112905978225e+06 9.773687790256936103e+06 5.395551115559480153e+06 1.341355118467338569e+07
2.459999862545853481e+07 7.901621318405343220e+06 1.086391216218056716e+07 4.229717213683145121e+06 6.627003432295259088e+06 2.212263644657056779e+07 9.048527632417231798e+06 1.017454220829159766e+07 6.754568032288964838e+06 9.589624572391150519e+06
3.678233902859173715e+07 5.496220892837877385e+06 9.711380277020752430e+06 3.294467442117636092e+06 7.279288284452134743e+06 1.057844265890355594e+07 9.092655868787609041e+06 1.005557914403012022e+07 4.218542519521748647e+06 6.178338029006855562e+06
3.705304806399086118e+07 8.825908678008959396e+05 7.428129430613251403e+06 1.950464401906457031e+06 5.307651098118242808e+06 7.882925205272835679e+06 8.502164288785198703e+06 9.780439564843902364e+06 1.941527288867714116e+06 4.591476535462401807e+06
2.482098967895316333e+07 5.874122385194974020e+06 6.181544653878943063e+06 4.447819367880749516e+06 3.512051652825305704e+06 2.363659191860692948e+07 7.918568429987239651e+06 1.031760525006994978e+07 7.302933981669715606e+06 5.558724391835098155e+06
1.325221021229329519e+07 8.107109010793194175e+06 7.495329158117031679e+06 8.439517767449991778e+06 6.231086391813937575e+06 3.222581606153979525e+07 7.594471375200843439e+06 1.062449247605947591e+07 8.637143265886794776e+06 8.613882805737029761e+06
1.242995182870712504e+07 7.510194983066891320e+06 1.391254293414434604e+07 1.054921864397522435e+07 7.728879902611044236e+06 2.683710922840662301e+07 7.848927898853012361e+06 8.232636591305869631e+06 4.680658747270252556e+06 1.027632541597887315e+07
2.330707045551758632e+07 4.276125654660740867e+06 1.835014559926034510e+07 1.031356126747312397e+07 6.097600238607966341e+06 1.531971582140536793e+07 9.633154917445395142e+06 3.698846141267302446e+06 4.318822929741754197e+06 7.032242285260841250e+06
3.731600651822982728e+07 1.239716411162845604e+07 1.531262548814400658e+07 8.735346687971610576e+06 5.211728862961275503e+06 4.009405081505184621e+07 1.132979061014703475e+07 4.438422484223541804e+06 9.056664162700237706e+06 1.488678775850849226e+07
2.059314955151029676e+07 2.672930859071470052e+07 9.405468258046766743e+06 5.582681969234127551e+06 6.405230680600332096e+06 6.805423247567850351e+07 1.025931390543693677e+07 8.601996550992704928e+06 9.192827731441849843e+06 2.731234241349662095e+07
2.678208102563271299e+07 2.432283713874687627e+07 7.090692623335056007e+06 2.465154247058550362e+06 4.925850483700523153e+06 7.161828189383713901e+07 6.746526374388429336e+06 1.136410625208570063e+07 7.879714009743980132e+06 2.648796587069972977e+07
5.218545030665034056e+07 4.351636226847784594e+06 3.498832989150165580e+06 8.271413636920946650e+06 2.309211237483882811e+06 4.218589462033466995e+07 3.970790185678181238e+06 1.023895599209361151e+07 1.213674470034536533e+07 1.801198347907857969e+07
3.557930735642120242e+07 2.208948606748915836e+07 6.347341768114456208e+05 1.382576934449939430e+07 4.602686852061027661e+06 1.643639001191591844e+07 5.978936332038544118e+06 1.170827905693730153e+07 1.629488579308949225e+07 8.880209642253000289e+06
4.676489209740152955e+07 2.140721134196864814e+07 7.934892673251854256e+06 1.534811392894648202e+07 1.381979768113763630e+07 4.145632172959244996e+07 5.899342206959094852e+06 1.324321456655551493e+07 1.238621621575457789e+07 1.870156431700878963e+07
1.556186763872321323e+07 1.676139408521682024e+07 2.025827615946488455e+07 2.019049808137340099e+07 2.293225229056282714e+07 3.019292197394091636e+07 7.012270368693405762e+06 8.245389979040238075e+06 2.716021652970586903e+06 2.754385320145285502e+07
8.984743133476307988e+07 1.434794759772242419e+07 2.326389983858321235e+07 2.603708039342043921e+07 2.306074787450568378e+07 3.400584002288346738e+07 1.815055499234034866e+07 8.608673995295882225e+06 1.592312757578871958e+07 1.406337993355668895e+07
4.167234941260511428e+07 9.514099107583440840e+06 1.055883629156859405e+07 1.533318775474472158e+07 1.451033261402558722e+07 3.426996114395411313e+07 1.512578473815485276e+07 1.518271951563401334e+07 2.115825030461450666e+07 5.293767378806773573e+06
8.399331222503109276e+07 8.337170331051304936e+06 2.192819808291886002e+07 9.017085306468700990e+06 3.575277560683102347e+06 3.253721250687096268e+07 1.603634864934867946e+06 1.706286101757932454e+07 1.337146592196310684e+07 3.485889203845076729e+06
3.077777548293984309e+07 1.677563880197054520e+07 3.228597513847362250e+07 2.590549589344258979e+07 7.961687323627693579e+06 9.823290187482757866e+07 3.263620312095664907e+06 1.046941687453915365e+07 1.033409582001005858e+07 9.587039433768708259e+06
2.928007086251017824e+07 2.932527357934627682e+07 2.671560247462240979e+07 1.377500511648337357e+07 1.353046478818561696e+07 6.480579458845644444e+07 4.493670555662853643e+06 4.347573578604465351e+06 1.788062168115054071e+07 8.912894083111738786e+06
8.441913326562855393e+06 3.688478547978001088e+07 3.875222684983610362e+07 1.838820097213119268e+07 2.811369565122039616e+07 4.710613266161325574e+07 6.073367167411523871e+06 6.478760715896699578e+06 1.067622417824880406e+07 1.711172814411624894e+07
9.196881910759012401e+07 1.532321996676393226e+07 1.676969040669345297e+07 1.501999412238308415e+07 1.107694991085061058e+07 3.923937925218675286e+07 9.775623973934251815e+06 2.119858972847970203e+07 2.260770800889391825e+07 2.820516858565420285e+07
4.378955871065646410e+07 8.336888655475736596e+06 9.649240467832695693e+06 1.107938994481709786e+07 1.540131420162799768e+07 8.090271799371957779e+07 1.161604633510672115e+07 1.351843424993201718e+07 2.609940391778973490e+07 3.814920617582142353e+07
5.835669160550818592e+07 1.497652960671623796e+07 1.206616219559616409e+07 7.332991472310718149e+06 2.616586591831678525e+07 7.430335310602908023e+06 1.036651167546956614e+07 5.228158921131131239e+06 1.730353961144303530e+07 8.363395233271668665e+06
6.332740649665623903e+07 1.307110235160436668e+07 3.285506976462092623e+07 6.901576284212790430e+06 4.504945245539126918e+06 8.927591442656266689e+07 1.929901354488141090e+07 4.025492053849123418e+06 2.130256477032399178e+07 4.938250758288485929e+06
4.185739991977038234e+07 1.793196134130809829e+07 3.778090578124337643e+07 6.559299286244980991e+06 7.018219862627614290e+06 5.527725512738710642e+07 1.717097559393603727e+07 4.152426806245284155e+06 1.400727751360509917e+07 6.628268871884126216e+06
2.674654404029390588e+07 2.267519006275530159e+07 3.365375123833689839e+07 8.860522993518425152e+06 2.207646011248106882e+07 2.807045716167472303e+07 1.185189117943051457e+07 1.539322178610045277e+07 1.579039161352166720e+07 2.353452632433443889e+07
4.759405548426587135e+07 2.555000417989606410e+07 2.573618255342853814e+07 1.500432392528653704e+07 1.019667473961352929e+07 8.834573807594707608e+07 3.213441897430149093e+07 1.605029957650695182e+07 1.396800913606910035e+07 2.757209930444930866e+07
1.620807686027332842e+08 2.098713489630512893e+07 1.829474773121690750e+07 4.498905493560194038e+06 3.897959671911031473e+06 1.240459006871961057e+08 3.153676224389809743e+07 1.372669375925482064e+07 1.945987412102754787e+07 2.229921708780644462e+07
1.453394459324832857e+08 2.901022709800447524e+07 1.346788631246031448e+07 1.175456766246153973e+07 1.619463356085193157e+07 9.157341054790699482e+07 1.344452869681643508e+07 1.191262416614239104e+07 2.768508289880031720e+07 2.833620266426671296e+06
6.328044941096721590e+07 3.338020715165910870e+07 1.343842020487150364e+07 2.123622498009203002e+07 1.257805158832617290e+07 5.599139482364172488e+07 1.433491729526411742e+07 2.246108364685616270e+07 1.055659199335175194e+07 2.167780889925454557e+07
3.236968084237140790e+07 4.096740403624932468e+07 1.367236356998241134e+07 2.585735589281920344e+07 1.701951623833029717e+07 1.409748368985408731e+07 1.499031567043307424e+07 1.769407062579065561e+07 1.603341914986369759e+07 3.775705545184332877e+07
1.226320189155041724e+08 3.151013005423894897e+07 2.322317567411109805e+07 3.073876011872828007e+07 1.280261595146753639e+07 9.917454866301287711e+07 3.334628437386285514e+07 8.251228131017118692e+06 2.989019667811759561e+07 2.976364179494315013e+07
6.738274583054250479e+07 7.469861519007232971e+06 1.566102466936213151e+07 4.150168841208477970e+06 2.779538791378765553e+07 1.116289142329353690e+08 4.300262468422608078e+07 1.375960854190139286e+07 3.095486116618562862e+07 1.900001484206217155e+07
1.990925989447729886e+08 5.907532324791153520e+07 5.297141266788820177e+07 1.848813699520183355e+07 2.902614953810918331e+07 4.711480465713728964e+07 2.191710060494486988e+07 3.462299184518710524e+07 6.712607756709572673e+07 3.154177248672793806e+07
1.289320050376705676e+08 4.749302174693741649e+07 2.009638244082975015e+07 3.086242045189001784e+07 4.258157641710146330e+06 5.746129837820522487e+07 5.166891684660961479e+07 2.295715894405746087e+07 9.711516072561435401e+06 3.732090032902850956e+07
8.960353854114869237e+07 7.633992069248177111e+06 7.556800520755504258e+06 2.027312625945212319e+07 4.059042963337647170e+07 9.826231739303398132e+07 2.332664734881440923e+07 2.173463042239502817e+07 1.726801164322907478e+07 2.973561337031254545e+07
5.961568118541251868e+07 1.677318118650207855e+07 6.216463330655792728e+06 1.813435550711435825e+07 4.608493013651844114e+07 1.991831888281999528e+08 6.521902395408071578e+06 1.536757563915004767e+07 4.410185395598967373e+07 3.064289073003927246e+07
1.886553560685337782e+08 4.524674858892223239e+07 4.617585608552557975e+07 2.062081094346909225e+07 1.684882686519978940e+07 2.332789875173040926e+08 6.095469755149510689e+06 2.644723996515170205e+06 2.752835056413953006e+07 7.085205894201235473e+07
2.461682797541496158e+08 8.795373079030245543e+07 1.787949869106426090e+07 3.005249573386954516e+07 3.237139799041296914e+07 1.545189551473144293e+08 2.025725258052416891e+07 1.444671239902191609e+07 1.862204518916767091e+07 2.736072824777094647e+07
1.857999791006804109e+08 3.806902009893279523e+07 2.894290058230361715e+07 2.961137743180620670e+07 2.374193382590377703e+07 2.912152849519383311e+08 4.267437792253129929e+07 3.821784305177423358e+07 5.498732976332280785e+07 5.102296697638993710e+07
1.464599980801585317e+08 2.387355473493535817e+07 3.636019405354138464e+07 4.639753077894388698e+06 1.981632895142696798e+07 2.024336209288202524e+08 4.614768670614495873e+07 2.430466179483247176e+07 2.044462975571081042e+07 4.081680910468719155e+07
2.109714053639767468e+08 3.285272507911938429e+07 4.866281865329857171e+07 3.979064363892562687e+07 4.158627812618439645e+07 1.203710167795445472e+08 5.982913949790321290e+07 2.958781084483021125e+07 3.289707690784825757e+07 5.902457387628012151e+07
8.596608749217876792e+07 4.518486773611573875e+07 3.258345223582794517e+07 2.222058856418998539e+07 6.120772190561214834e+07 1.796685488621172607e+08 1.470827221318827197e+07 3.556985193381305784e+07 1.075121900967346132e+07 3.925092815715678036e+07
1.687196254777050912e+08 3.114531073622867465e+07 2.815291507547363639e+06 1.749592282457268238e+07 3.426143035323304683e+07 2.983492498039848804e+08 2.339563689016525447e+07 2.089954893037878722e+07 5.036848019540578127e+07 6.246950085507235676e+07
8.239076229467259347e+07 5.638923281295366585e+07 2.685572420302368701e+07 2.756488533493044600e+07 5.928526908255592734e+07 3.489482902227836251e+08 1.415422940209055133e+07 6.462427412693956494e+07 5.358721809312375635e+07 3.188716710613657907e+07
3.806249340474403501e+08 4.359626583288575709e+07 5.317775344997049123e+07 1.839701190205231309e+07 6.713802606939361989e+07 2.204034679752059877e+08 2.437206533846072480e+07 7.494562573349494487e+06 5.087714246580263227e+07 3.160482645045993850e+07
1.600499449305257201e+08 2.448725799488105252e+07 1.530429736343457922e+07 6.061665465757822990e+07 3.636033333111051470e+07 1.018930446271699071e+08 1.715769622460250184e+07 5.613576926503616385e+06 4.349757822220417857e+07 2.184386387836030498e+07
4.134289539803442359e+08 3.013132344478975236e+07 1.735800238164712116e+07 1.920933613350076228e+07 7.189846544143492356e+06 3.528567770633345246e+08 2.207273352391436696e+07 1.203563556835985929e+07 5.271444543121431023e+07 5.789103918680360168e+07
7.285475396186900139e+07 4.048362312189015001e+07 5.028686540365597606e+07 6.836761250282609463e+07 6.891258246580591798e+07 2.443554000835104883e+08 1.336705912781219184e+07 3.880275723927765340e+07 3.251574400875414908e+07 7.494604176830372214e+07
9.367112667402945459e+07 9.713247807287195697e+06 1.422969908276311122e+07 1.970599411925457418e+07 1.429799667136420868e+07 4.529598639958562255e+08 2.981313144430290163e+07 1.890309253277026117e+07 2.770411709821343049e+07 2.583935536684330553e+07
3.427882155313401818e+08 1.984856093797473982e+07 2.443080924902049080e+07 4.862573719704062492e+07 4.685948217187022418e+07 5.637255670154534578e+08 9.890621147837532684e+06 4.493699711410454661e+07 3.353490182472820580e+07 6.657630489098148048e+07
9.421775593706595898e+07 2.236865763986360654e+07 4.238252636783155799e+07 3.686518012594919652e+07 9.723839765023445711e+06 6.906826994529049397e+08 8.047873560797922313e+06 3.342120875464571267e+07 1.411667537798143737e+07 2.715517820860939845e+07
1.808980788161787093e+08 2.561213228265544400e+07 8.195032197204063646e+06 2.745579342653489113e+07 6.063797892547695339e+07 6.162535516577948332e+08 3.282766884755795449e+07 1.293979604498462193e+07 3.329094487200060859e+07 1.018875917241164669e+07
3.008168219455531836e+08 3.145621499348199368e+07 1.603036552383066155e+07 1.463666272119348496e+07 7.265165054888860323e+06 9.805790688406544924e+07 4.779945302691967785e+07 3.521611081318166107e+07 2.505697959990520403e+07 5.687606374888498336e+06
2.819880094704665542e+08 1.765520679658291116e+07 7.883485333681199700e+06 3.386846228380320221e+07 3.260380711272493005e+07 8.173563154377501011e+08 3.318975723897726461e+07 2.062395377486106753e+07 2.011816841366901249e+07 2.861181941796572879e+07
1.422808751997077763e+08 2.752034634717896208e+07 1.700709473167984933e+07 5.796645614958579652e+06 5.273894956939599477e+06 5.104455208633827567e+08 1.878598982051908225e+07 1.432498701090924814e+07 1.416328390403118217e+06 2.965299671541777626e+07
8.339003654573656619e+07 1.276091383256701566e+07 2.246934344897300005e+07 1.162104496760787442e+07 3.010628023474677280e+07 5.894277457636296749e+08 1.848439830342131853e+07 2.137954779861507192e+07 3.814356304643711448e+07 2.317818489673512802e+07
5.887953361971855164e+08 1.244024421191681176e+07 6.189611501651016995e+06 2.338159449049211293e+07 1.790240141138238832e+07 7.974576589802039862e+08 1.638236623325747438e+07 1.374338484893083200e+07 1.612564034353607520e+07 2.474791394319958612e+07
5.316491203579757214e+08 1.937274435952699184e+07 6.839406431657305919e+06 9.142876711789600551e+06 2.314799437334657088e+07 7.642264184695319831e+07 3.390073474796850979e+07 1.375177421102543175e+07 1.735951130483417585e+07 2.148906000647593290e+07
5.869729651724383831e+08 1.090590161248327233e+07 9.261129232182176784e+06 1.716337291220349818e+07 3.057299492974511907e+07 7.497036609242626429e+08 1.471728108738653362e+07 3.835254945649751462e+06 3.861375096789128613e+06 1.035899451405010186e+07
2.512479762733635306e+08 1.994731037305434048e+07 1.670566608537080139e+07 2.036017197139073163e+07 1.980081359005182981e+07 6.809683617963726521e+08 3.538039778892765194e+07 1.872412441705619171e+07 2.593915263225880917e+06 1.363604759520424157e+07
5.115317293314718604e+08 5.396131781108124182e+06 1.130654056775985472e+07 6.997546500769380480e+06 4.596957700662959367e+06 2.288065834360350966e+08 1.654873239795928635e+07 9.282086395582009107e+06 1.697352622369712591e+07 2.292672680553337187e+07
4.511175784364711642e+08 1.264136307020337507e+07 8.737857339315356687e+06 4.873916474272589199e+06 1.783047216444737464e+07 7.740835163941395283e+08 1.824758807476870716e+07 7.892010990492502227e+06 3.768929914043762721e+06 2.167511460510393977e+07
3.732793065776578188e+08 1.425595122935159691e+07 1.321454298012231477e+07 3.860650107208355330e+06 2.450792675448209792e+07 1.047715607456173658e+09 2.122035266864347830e+07 4.522625977381293662e+06 7.821334909093275666e+06 1.631639953821803257e+07
1.050953970211833596e+09 1.234402841722109728e+07 7.675274924439571798e+06 6.489002263263045810e+06 1.899424869368812069e+07 4.470828765456538796e+08 1.584478607370819896e+07 1.070997704705473408e+07 2.016976287282523466e+06 2.258674955580653995e+07
8.295774298633464575e+08 1.062002558967453800e+07 9.442915088657042012e+06 7.129331336806911044e+06 1.845859390642345324e+07 7.926802526701966524e+08 3.313942539181427285e+07 7.642249717044583522e+06 1.193966938567999192e+07 1.951783904727551714e+07
1.190728285711520672e+09 1.621901414150755107e+07 1.135411260882425867e+07 1.823637694956393540e+07 1.821436376053709537e+07 2.437574988865718246e+08 3.484576325153190643e+07 4.063040806794718374e+06 8.496648444484980777e+06 1.240140994710296579e+07
3.239232405827667564e+07 2.229488001615370810e+07 7.495764775972522795e+06 1.067220491095510498e+07 1.484985024910264090e+07 2.026628766867881060e+09 1.136294780437141098e+07 1.478528752768570324e+06 1.231296563490635529e+07 2.744264516839142889e+07
