5.830506705617964035e+05 9.889839194905887125e+05 2.403831671473857015e+06 4.497828969234101474e+06 6.320154018730645999e+06 7.080663020089477301e+06 6.499727229017312638e+06 4.778478516028562561e+06 2.600233627148385160e+06 9.276942872357422020e+05
1.010129417377870297e+06 8.537838849057221087e+05 1.862041228666457348e+06 4.224601642394073308e+06 6.335522520432825200e+06 7.215542029116259888e+06 6.550557411840055138e+06 4.558435853344758973e+06 2.032897427078457316e+06 4.311397553011783748e+05
2.019140450061556185e+06 1.558029763496959349e+06 1.301428674408236751e+06 3.807740407920924015e+06 6.221404343608557247e+06 7.226487621228605509e+06 6.478500614054548554e+06 4.202401083024538122e+06 1.317060579347958323e+06 1.117137891720552463e+06
3.246332828603194095e+06 2.669289662594425026e+06 1.142983856665579136e+06 3.234883850870959461e+06 5.950015898191025481e+06 7.080365965876827016e+06 6.257907925069569610e+06 3.697765698174069170e+06 5.456418976163067855e+05 2.251272149184285663e+06
4.610648348652761430e+06 3.978438059950720053e+06 1.833156511852979660e+06 2.507595933098854031e+06 5.493815453848788515e+06 6.742270241414453834e+06 5.865519260591673665e+06 3.042783145042536315e+06 8.670448315065216739e+05 3.557933399073999841e+06
6.043476065167210996e+06 5.400588868221460842e+06 2.995270649789273273e+06 1.672777902776289731e+06 4.828321229145814665e+06 6.179163415757879615e+06 5.286370487058264203e+06 2.262495334881959017e+06 2.025317417023112299e+06 4.972435277182369493e+06
7.455193102153285407e+06 6.851535762851203792e+06 4.364142510772228241e+06 1.028569582601851434e+06 3.937019712734691333e+06 5.368411405682750046e+06 4.527096215274882503e+06 1.475822562947030645e+06 3.345949924904534593e+06 6.422809418872145936e+06
8.729138317800402641e+06 8.225410607018165290e+06 5.821343575639053248e+06 1.486641579230414005e+06 2.822722871152713429e+06 4.321735121325441636e+06 3.651811240563666914e+06 1.197590084852675907e+06 4.731514085715063848e+06 7.814378307365378365e+06
9.723908052366083488e+06 9.391283158933084458e+06 7.263342797486026771e+06 2.682882419095009565e+06 1.562504306021330878e+06 3.174439562271504197e+06 2.890668327000241261e+06 1.921894250542099355e+06 6.096668222117527388e+06 9.029404944399157539e+06
1.028383970804387517e+07 1.019841779733525589e+07 8.573216134264361113e+06 4.047152824825235177e+06 9.826061990216460545e+05 2.541462493326608557e+06 2.811744158327132463e+06 3.033606936716124881e+06 7.341842706074398011e+06 9.934101853815427050e+06
1.025984873518857919e+07 1.049007602160905302e+07 9.618178314476067200e+06 5.396158453812948428e+06 2.342949675456157420e+06 3.493696326340342872e+06 3.796869379462650977e+06 4.155471886917917524e+06 8.357959116019208916e+06 1.039395317759621702e+07
9.542450801462622359e+06 1.012685204039802402e+07 1.025694323843955807e+07 6.596119388852021657e+06 4.148789512285330798e+06 5.657611120965146460e+06 5.451998779766487889e+06 5.102941159252372570e+06 9.041289641715517268e+06 1.029870984949718788e+07
8.106774312526113354e+06 9.019163100376386195e+06 1.035386171349389292e+07 7.512882739315579645e+06 5.982006854316821322e+06 8.343876820546107367e+06 7.359531546904058196e+06 5.718540295634552836e+06 9.317998671484621242e+06 9.596845778712013736e+06
6.065748894569303840e+06 7.165310076313987374e+06 9.798455129760500044e+06 8.013296342092339881e+06 7.656340858776008710e+06 1.122491918969357014e+07 9.253412888473132625e+06 5.853555423535536975e+06 9.178232207196896896e+06 8.335624523269925267e+06
3.725687166205208283e+06 4.687147319057432003e+06 8.529621457341168076e+06 7.978624595127216540e+06 8.985997130775079131e+06 1.404177112112151645e+07 1.091021144254217297e+07 5.382061434225784615e+06 8.715072922814682126e+06 6.695594472946389578e+06
1.672212697580888635e+06 1.864070864660840482e+06 6.571538412854852155e+06 7.322879042255002074e+06 9.781821834286127239e+06 1.651314852916708030e+07 1.211423880815307982e+07 4.226566532250609249e+06 8.147030556231894530e+06 4.990717852102280594e+06
9.598384972613453865e+05 1.199699538136920193e+06 4.155660582896369044e+06 6.012576845181137323e+06 9.877741758182015270e+06 1.833217189077621326e+07 1.266828103713287599e+07 2.388404875423618592e+06 7.761791902453716844e+06 3.563404860870512668e+06
7.843394367401809432e+05 3.665049748258678708e+06 2.678487880526226480e+06 4.086727101092818193e+06 9.178748212156562135e+06 1.920816129260584339e+07 1.243170883125320077e+07 6.519989083257746097e+04 7.715051116898096167e+06 2.550335497675204184e+06
1.679391870653766440e+06 5.643240503311540931e+06 4.886746227659574710e+06 1.702348241424714215e+06 7.746832860245368443e+06 1.896196709736099839e+07 1.138750881418940797e+07 2.785047405913389288e+06 7.836272247260320932e+06 2.225575606838555075e+06
5.241345366447029635e+06 7.173266169689464383e+06 8.528895759383523837e+06 1.313847965174995596e+06 6.003686458050014451e+06 1.770757876056347787e+07 9.757986533280553296e+06 5.540482254778771661e+06 7.737168619196681306e+06 3.769215767828160431e+06
9.723666400039635599e+06 8.492103090218238533e+06 1.217950804874226078e+07 3.985468220311467070e+06 5.183643735182431526e+06 1.615301659702972881e+07 8.202049196642607450e+06 7.866664500498794019e+06 7.126555233501260169e+06 6.742630325188177638e+06
1.318629301725723594e+07 9.417684040943467990e+06 1.518124972981278040e+07 6.400693335655585863e+06 6.556198810267166235e+06 1.576155260117843747e+07 7.842499302632424049e+06 9.329755886765757576e+06 6.117283901803089306e+06 9.760844937442900613e+06
1.318699840996501036e+07 9.022637757513448596e+06 1.692016365704550594e+07 8.141805245556327514e+06 9.092856584600724280e+06 1.761884930646107718e+07 9.096318826219031587e+06 9.591552850330812857e+06 5.541892537262463011e+06 1.132335262486161292e+07
7.860987910562974401e+06 6.160275208607519045e+06 1.686213036608337611e+07 9.018426171733940020e+06 1.132526288827816769e+07 2.064231494310218096e+07 1.084848668333065882e+07 8.525812738321600482e+06 6.458472785427979194e+06 1.025638324000569806e+07
3.935930365471722558e+06 1.609953978024687152e+06 1.477380253276359476e+07 9.171994588805617765e+06 1.229896773794962466e+07 2.235767065897211805e+07 1.178621616641977616e+07 6.352958891299339943e+06 8.292583092508987524e+06 7.797963863938778639e+06
1.573200280156997405e+07 8.235012184322091751e+06 1.115915997039227188e+07 8.960498356259526685e+06 1.133194357278542034e+07 2.045764667886460945e+07 1.113316254483359866e+07 4.052415490346332546e+06 9.465739449551191181e+06 1.141375703120746464e+07
2.251658853131357953e+07 1.582035929284915514e+07 8.366278586705425754e+06 8.327675697431090288e+06 8.053774946318481117e+06 1.406460475559171848e+07 8.984249521010726690e+06 4.407425701783893630e+06 8.672260302997771651e+06 2.032449717107369751e+07
1.671493417213921621e+07 2.006394207552224770e+07 9.900147982583180070e+06 6.529676277100312524e+06 3.172565261205377989e+06 1.012187675134841353e+07 7.400821817149501294e+06 7.154342356559354812e+06 5.568392791960572824e+06 2.773814691000209376e+07
5.707099217489784583e+06 1.919674704037027061e+07 1.299825943624509498e+07 3.747763155547744129e+06 5.954487860086470842e+06 2.240155466342555359e+07 9.621202519703332335e+06 9.411790814991982654e+06 3.958097677035008091e+06 2.921082373631034791e+07
2.807321734749202803e+07 1.393539885543012060e+07 1.368010364769098535e+07 5.592183912726908922e+06 1.250994956762453169e+07 3.704645749101287872e+07 1.324374795278555900e+07 9.837626706958336756e+06 7.792452360205436125e+06 2.266780463840965927e+07
3.689814234723280370e+07 6.239848747113905847e+06 1.100187206984430738e+07 1.023395342068545148e+07 1.636883990334693342e+07 4.398688892498629540e+07 1.441233958605033532e+07 8.510358333043523133e+06 9.364501852038968354e+06 1.306081562356926315e+07
1.907145630014877394e+07 5.743656945670083165e+06 6.206174517214900814e+06 1.263601557495671511e+07 1.519863062586539239e+07 3.646748270755229145e+07 1.134447031810843013e+07 7.101989194365560077e+06 7.957821950764475390e+06 1.966067701930967718e+07
2.069322181535831466e+07 1.625352015213894285e+07 4.905275698671405204e+06 1.170659354310225695e+07 8.763157588117199019e+06 1.304883263566665538e+07 5.235733895106079988e+06 6.329882922195583582e+06 1.004045266940275393e+07 2.880080508536589146e+07
3.460057657822263986e+07 2.051099732473351061e+07 1.140960171475059167e+07 8.862038950824644417e+06 1.573021492199362023e+06 2.225239953057278320e+07 5.965778607027122751e+06 7.247743525244349614e+06 1.086012600396128371e+07 2.603529811502004415e+07
2.565517286710987613e+07 1.140843660293432511e+07 1.582217740876302868e+07 8.181612671518872492e+06 8.917386134599134326e+06 4.967630463646060228e+07 1.046292738065843470e+07 1.141472410526340269e+07 6.308296438802238554e+06 1.272828560044571757e+07
4.982155515523527563e+07 6.148382046764616854e+06 1.321586400814512558e+07 1.267855510974329524e+07 1.289983056379918568e+07 5.268403650303535908e+07 1.006219140807115473e+07 1.480500180521219224e+07 5.027221824681658298e+06 2.155986389329464734e+07
4.297343341969515383e+07 1.228653746283503436e+07 1.274032475203595869e+07 1.783910162381754816e+07 1.334481615377931111e+07 2.347123327424490079e+07 5.188656951893012971e+06 1.593215756551110931e+07 4.013976491140355822e+06 4.415816142252458632e+07
7.507713324999099970e+07 1.584081151155787054e+06 1.876778541715671495e+07 2.028560574121755362e+07 1.321670396118975617e+07 2.288417329329055920e+07 8.103327789387241006e+06 1.250871863730916940e+07 1.461545405538707599e+07 3.691029996457667649e+07
6.607484860022383183e+07 1.087450925577575155e+07 1.614046138439400494e+07 1.825877071685159579e+07 1.337919552050045691e+07 4.844343046427959949e+07 1.682030770347205922e+07 1.166877179684342444e+07 7.087084126319851726e+06 7.450062235616767779e+06
3.206688720958109573e+07 1.844348669266292825e+07 1.684248101980745792e+07 1.807981824271425232e+07 1.189443980056611635e+07 3.682281866865696758e+07 1.901175391043893620e+07 2.137407638395283371e+07 9.268790352435719222e+06 2.774540913748152554e+07
4.521633333796067536e+07 1.174657624796598405e+07 1.407201892543803528e+07 2.224754132523473725e+07 6.423407544166346081e+06 5.961495616997815669e+07 1.026321245752782188e+07 2.377772599467414618e+07 5.847940163381859660e+06 2.506026632400714979e+07
6.715669479472966492e+07 1.796306237827901542e+07 1.279441850234354474e+07 1.179505903388984688e+07 5.145791461822249927e+06 7.317484566840246320e+07 1.095247791548228636e+07 1.045650704559397697e+07 6.944620794416413642e+06 3.702244580909107625e+07
3.174008405470288917e+07 4.018003495339688659e+07 4.016479331687015481e+06 1.021057969348677807e+07 1.720038077975241840e+07 3.389108213216538727e+07 1.323400448363484815e+07 1.771174655813467130e+07 1.152488282675058208e+07 6.735323226619524881e+06
6.120553281046719849e+07 1.390293850213984028e+07 1.934362455547031388e+07 9.034900466816522181e+06 2.057442538031341508e+07 8.169016473776088655e+07 1.375459293617833965e+07 1.526002644926640950e+07 2.386076577812835574e+07 2.751998635465444624e+07
6.790291564698728919e+07 7.570302097454699688e+06 1.071753222768430784e+07 2.152610861913357675e+07 1.617132521537469514e+07 3.674123713031578064e+07 1.780468051221790910e+07 1.520901895414489880e+07 1.386971747202988155e+07 8.416225720076749101e+06
4.189905860996009409e+07 3.175601933723804727e+07 1.551298127540448308e+07 2.633088561497539654e+07 9.268737156040353701e+06 8.680531961429814994e+07 1.881555529884447902e+07 1.560002940237855725e+07 2.127044547499511391e+07 1.868359761731222644e+07
5.835390382914588600e+07 2.155170824012317881e+07 5.718697240086521488e+05 1.196873228516631573e+07 6.750683566118497401e+06 8.155725403705927730e+07 2.690387135188767686e+07 3.564585582098448183e+06 1.991445635254462063e+07 3.481442589287426323e+07
6.480537073177314550e+07 1.295810276863752119e+07 1.697686648916261271e+07 1.494736098923834041e+07 1.739177831414814666e+07 1.019575576195537895e+08 1.843677503843270242e+07 1.553112919582771137e+07 2.186883112891675904e+07 1.577741543898988143e+07
8.210700598516638577e+07 2.387529831651613116e+07 3.102963549652542919e+07 1.550652245681976154e+07 1.022354514556279778e+07 6.658689914669080824e+07 9.340931720943417400e+06 3.291197011067153886e+07 2.558802398153783754e+07 2.746747834974413738e+07
1.111602323693420887e+08 1.146809013763456605e+07 1.327917856848742813e+07 1.520943875499651954e+07 1.128515925784005783e+07 9.100926493507388234e+07 3.272400440212931857e+07 6.202815125786849298e+06 2.832389916488339379e+07 1.985261126574943587e+07
8.078385798077926040e+07 1.986687464614258707e+07 2.905864080859180912e+07 2.366004234158421308e+07 2.737835681503805146e+07 4.843785225400647521e+07 1.810408803374458849e+07 1.019783183737763949e+07 1.426668641958752833e+07 1.858902152394841239e+07
8.568384485901296139e+07 2.223405707504225522e+07 1.449252619487805292e+07 2.077772269176218659e+07 7.545237926341200247e+06 1.172182438678534180e+08 9.532732052359653637e+06 2.229736808814482763e+07 2.650757923245737702e+07 3.006429216914133355e+07
1.283568354963042438e+08 2.289029771415571496e+07 2.138267068871679902e+07 1.616877845484271273e+07 2.923714302804321796e+07 1.288210525486600846e+08 3.856949285154356807e+07 3.451599362147701532e+07 8.256411476983478665e+07 7.314780281958462298e+07
8.366299679293346405e+07 3.386751702570691705e+07 3.358030201725651324e+07 3.154501651569702104e+07 2.071294838122350350e+07 1.043131320331161171e+08 1.465363237750945985e+07 2.458223925100013986e+07 2.188437849445643276e+07 3.248077530345894769e+07
1.009528485120585375e+07 1.140772919814995676e+08 3.435623636506395787e+07 3.928406632729104906e+07 5.032587217793650180e+07 7.147872108270923793e+07 1.488573388718612678e+07 5.848387314417314716e+06 1.615900199606430018e+06 1.488958087229651213e+07
1.465063223847376108e+08 3.787798236525110900e+07 6.936413362494868040e+07 2.840910774972812459e+07 3.440899434078562260e+07 1.012259149112303108e+08 3.467279839807565510e+07 1.177863197795104422e+07 5.943161674041085690e+07 5.795302880785508454e+07
1.319110301297459155e+08 1.215461726723131724e+07 3.271757137125972286e+07 4.194174060597461462e+07 2.103146994357952476e+07 1.843709685972810090e+08 3.465528165641816705e+07 4.563026637774179876e+07 1.936224694704242796e+07 1.855936752897023410e+07
5.497281768329834193e+07 9.704439455139803886e+07 5.002313035774451494e+07 2.418578018543410674e+07 2.799659166682141274e+07 1.639965381729911268e+08 2.727857475847099349e+07 1.859178772789590433e+07 4.921995386463111639e+07 7.310227247799170017e+07
1.122077486694872677e+08 3.145225798465458676e+07 2.648115504212247953e+07 6.660248279718281329e+07 2.323563954810026288e+07 1.964420738177962303e+08 2.096431943427308276e+07 1.697143945673513040e+07 6.993289770225867629e+07 1.584218398541165516e+07
1.065174946381804794e+08 8.644372141492341459e+07 3.279075511463049054e+07 1.188758243070723861e+07 1.524728692056280747e+07 2.278181913424443901e+08 4.675489371329531819e+07 4.520964444584356248e+07 1.323208233586739004e+07 2.732786681399988011e+07
1.651794753735110909e+07 6.270951867627539486e+07 5.280247390910239518e+07 3.312517883699159697e+07 5.460128655534301698e+07 1.771058527802991271e+08 2.308604542024203017e+07 2.983484414832942560e+07 2.182122344681553543e+07 4.327091283393396437e+07
6.724503619798912108e+07 3.891213683558018506e+07 7.885181496343991719e+06 5.316981457599573582e+07 3.893570263297798485e+07 8.127893828974467516e+07 2.577029311472783238e+07 3.784921797267934680e+07 3.228619252359815314e+07 7.074849841646744311e+07
8.412724079276171327e+07 2.264510603421713412e+07 5.434846743966851383e+07 1.852396261941600591e+07 1.808288025178638473e+07 1.347306514222845435e+08 3.134008601264580339e+07 2.240520104385892674e+07 8.106901660403583944e+07 6.049506995116458088e+07
6.576787605333258957e+07 3.629919383858224005e+07 3.728447601238364726e+07 1.982913724896860123e+07 2.564339326216680929e+07 2.536222427771547437e+08 5.011083422898553312e+07 4.463769004162947834e+07 2.600686800088443980e+07 3.846279615672623366e+07
4.837252264612232894e+07 1.020686365732678026e+08 6.964518373210859299e+07 1.806920919858194515e+07 1.723323655223359168e+07 1.572837856925739944e+08 2.127529315028694645e+07 2.533510782027588785e+07 1.631550013981763460e+07 5.612216159610281885e+07
2.256805235601390898e+08 3.441429813645757735e+07 2.240779464153113216e+07 1.032185687881387956e+07 3.746048403372664750e+07 2.675426266437553763e+08 3.181043248228252679e+07 3.720567241187443584e+07 6.087030425658803433e+07 3.879570978015859425e+07
1.524993613420358896e+08 6.944658245334127545e+07 4.496690321900448948e+07 5.798748300814995915e+07 4.020327398322698474e+07 1.933329152106241286e+08 3.297864178405441344e+07 2.198959504275275022e+07 3.783783841562222689e+07 1.358182854887313545e+08
2.616380543317352831e+08 6.621251812743525952e+07 1.225745199875127710e+07 7.520630593677720428e+07 3.196023279893739894e+07 3.658845172227894664e+08 5.360826095441973209e+07 6.326091393530384451e+07 2.236586940903828293e+07 1.841364656300138310e+07
1.643876012399604023e+08 7.020593313065765798e+07 5.092376789312849939e+07 5.080533617308545113e+07 5.348871666235423833e+07 2.659723800190697610e+08 6.165990926621963829e+07 2.666701800440780073e+07 2.690636126011915505e+07 7.444174750652441382e+07
2.394105045817885995e+08 5.330276588345831633e+07 7.146491014421038330e+07 5.729539975704536587e+07 5.702420144179256260e+07 2.333230401691148579e+08 2.838351728608017415e+07 5.274084981579321623e+07 8.762641273402541876e+07 8.018672807360066473e+07
2.582700393190435469e+08 8.707604197919461131e+07 2.725579232165651023e+07 1.808517314725821838e+07 1.901445529646772891e+07 2.095520900593320727e+08 3.637116374709182233e+07 4.912088488580714911e+07 4.708386857942067087e+07 6.710353650498467684e+07
3.128924802701629996e+08 3.942903398645108938e+07 1.337703906622797623e+07 4.465599054936313629e+07 4.783951914886465669e+07 2.931107095270311832e+08 5.873357115269920975e+07 3.206866218858145550e+07 6.397298559756921232e+07 6.407506124542754889e+07
7.736390311521464586e+07 1.047828542846108079e+08 3.409905976000095904e+07 3.482658372438990325e+07 5.479628377047087997e+07 4.879404422568098903e+08 2.640544009276789427e+07 3.845639310609549284e+07 5.163500966693625599e+07 3.291315805546175689e+07
2.035744366191101372e+08 4.531630187789684534e+07 5.885045718324133009e+07 3.757636146182465553e+07 2.840019641460198909e+07 4.061375317530743480e+08 5.259734373975447565e+07 2.883991640511627495e+07 6.627890971511857212e+07 1.314673238078390360e+08
2.501650494690835476e+08 4.900226883797591180e+07 5.693060762367157638e+07 1.341607038966341503e+07 7.437335874132473767e+07 4.229927835741479397e+08 6.505057527275914699e+07 2.763215177200385928e+07 8.487794046345011890e+07 5.515866498342246562e+07
2.319233031360795498e+08 1.800127490064657480e+07 3.364803346321278065e+07 3.834138661117941886e+07 1.299114786920370720e+07 3.360965450533705950e+08 2.684017093889010325e+07 2.219995016369893402e+07 3.432808748076581955e+07 1.723509595866897330e+07
4.676280556054810286e+08 4.994532648554313183e+07 8.030646763423044980e+07 4.453946866070027649e+07 1.235186362496281788e+07 5.294596492193803787e+08 3.361616187508909404e+07 9.256142610040603206e+06 4.223879025723678619e+07 3.461013653644992411e+07
1.244744440678686500e+08 2.992953720857999846e+07 4.472392724502815306e+07 7.134216374026426114e+06 2.184278021433745697e+07 6.460051414367358685e+08 6.284124933205956221e+07 4.032081790390916914e+07 4.845817937707864493e+07 4.498991869725728035e+07
1.834636771978503466e+08 1.984874007693086937e+07 6.678426669513954967e+07 3.394977764430418611e+07 2.620827409783019125e+07 5.973176005722119808e+08 5.670712800613978505e+07 3.032714682873297483e+07 4.097912905129505694e+07 3.665096983027929068e+07
2.278866321026469767e+08 4.188720572402767092e+07 2.595379416776537895e+07 1.008635524829256386e+08 1.979812164021740109e+07 2.398414414606806338e+08 3.289413351928788051e+07 5.184140375940701365e+07 2.999887920564854518e+06 9.788238664215703309e+07
4.990716550227769613e+08 2.358332258662777487e+06 2.226631915712003410e+07 6.695672059139972180e+07 5.829160352586670220e+07 8.624509509532116652e+08 1.693554933658918366e+07 6.296712100536816567e+07 9.170517868936873972e+06 2.486032939718071371e+07
6.246194346795383692e+08 4.710501065878857672e+07 2.553817207811907679e+07 5.129774405233523250e+07 5.820513572295752168e+07 6.412385687350293398e+08 2.641217143467093259e+07 5.366147514318191260e+07 2.043350252180809900e+07 5.655697189420581609e+07
5.446864179937019348e+08 4.003665819111707807e+07 1.431824150148539059e+07 5.497335284014431760e+06 5.888864210982036591e+07 6.549180281979099512e+08 3.913284195906613022e+07 1.873402350644205138e+07 4.831334008239477128e+07 6.832461994259376824e+07
5.674259495515042543e+08 2.861878051632555202e+07 4.018133288077183813e+07 5.467858511416725814e+07 2.695277674281489849e+07 9.838524822009484768e+08 5.438910424750078470e+07 2.041236000540893897e+07 4.115866515255964547e+07 2.616313247956905141e+07
6.240852061775826216e+08 5.514515262439753860e+07 3.884227822864694148e+07 9.236575113724771887e+06 3.142802691445302963e+07 7.123492654063135386e+08 2.954743431098838523e+07 3.567924355938065797e+07 3.103660293998283893e+07 6.133376154832833260e+07
7.100801348366599083e+08 6.154496347720567137e+07 3.438589491162887216e+07 3.951954176583312452e+07 2.670533205599469692e+07 1.169459306513722181e+09 9.878044337802587077e+06 1.022466748670743778e+07 8.754343885957986116e+06 5.249378961521961540e+07
9.022764691962475777e+08 1.722789997948199883e+07 1.653142898456314579e+07 5.389509710653514601e+06 3.797725671307045221e+07 1.263533618680288076e+09 6.384216538293106481e+06 2.455303944282564148e+07 4.944325783768013865e+07 3.798131428376302123e+07
6.781009227622542381e+08 2.398694512343987823e+07 3.165888468006594107e+07 2.532453406769384444e+07 5.076597739023381472e+07 1.200160365359500170e+09 3.927222608231281489e+07 2.076957149187138677e+07 5.268290240290716290e+07 6.646360090056228451e+06
1.068167877188769817e+09 1.835653982485521212e+07 1.497190306097516045e+07 8.396379123118020594e+06 4.778816219023647159e+07 1.154407472017260075e+09 2.590913719897855446e+07 2.721157169169775397e+07 3.109032286100824922e+07 2.143963120312898606e+07
5.011335905423015356e+08 4.218126605042900890e+06 1.680294879765491560e+07 1.488084312722147815e+07 9.252333880332494155e+06 9.719645964964790344e+08 2.035545883963899687e+07 2.352463109087813273e+07 1.450826835700854659e+07 2.138068289126704261e+07
9.618025384859317541e+08 3.896493337696167827e+07 1.898570291122984886e+07 1.782077662656190991e+07 2.580674806688937917e+07 1.819226703118002653e+09 2.866692068436382338e+07 1.557574364039380290e+07 2.896516080099843815e+07 3.802201437153110653e+07
8.717931247163438797e+08 1.444637079445112869e+07 1.458452171030799486e+07 1.406842458520707488e+07 7.495729311168281361e+06 6.681379792678188086e+08 1.615900953350825980e+07 1.273233926036113873e+07 1.374918968551845104e+07 2.144746845793173462e+07
1.241048904113349199e+09 4.506114768338076025e+07 3.464332697190231085e+07 7.835803606986925006e+06 3.818206015666095167e+07 8.100215866025298834e+08 2.929113781406322867e+07 1.099845467610626854e+07 1.676823250445567444e+07 3.167512716447943076e+07
4.937164814261635542e+08 1.649733223929259181e+07 7.701424772357867099e+06 4.421291568511815742e+06 3.988396723023641109e+07 2.525489093745364189e+09 1.807812650448817015e+07 2.527863653836785257e+07 3.819683283241967205e+06 1.674897440240396000e+07
