2.944681248118837364e+06 3.739684130801622290e+06 5.675782924052687362e+06 7.606541603279259987e+06 8.509263749666979536e+06 8.313120151540302671e+06 7.527278717340591364e+06 6.352468399234184064e+06 4.864537932188649662e+06 3.517068697455779649e+06
2.310925031159712933e+06 3.171414860613187309e+06 5.485760735860113986e+06 7.776271733221766539e+06 8.776333077228900045e+06 8.477629318933824077e+06 7.595208955479322001e+06 6.319422550098245032e+06 4.643280182350712828e+06 3.081041295222778339e+06
1.587576146817100700e+06 2.419863776879813056e+06 5.171554460008229129e+06 7.865784622127549723e+06 8.945097013847719878e+06 8.502619206544287503e+06 7.535332387908888049e+06 6.195646584076082334e+06 4.352988404387506656e+06 2.616688670295719057e+06
1.090600074624133995e+06 1.483573928229500772e+06 4.735490756374049932e+06 7.869329031518179923e+06 8.993729751708216965e+06 8.353616825851678848e+06 7.327642727558848448e+06 5.984932945169379003e+06 4.028181242990371305e+06 2.275331224428726360e+06
1.573604885230094893e+06 4.709203230066642864e+05 4.203262702208274975e+06 7.789347606048967689e+06 8.902907470283830538e+06 7.997524111792194657e+06 6.960265215660300106e+06 5.703258756479554810e+06 3.729000403907500207e+06 2.306622902229256928e+06
2.719495151144861244e+06 1.108706052696930012e+06 3.647422964760588016e+06 7.640669865744394250e+06 8.659699817898390815e+06 7.410261901414795779e+06 6.439152956047397107e+06 5.381419577884297818e+06 3.535078800796014257e+06 2.826253648011467885e+06
4.052413811656883452e+06 2.539132451265259646e+06 3.226975513836855534e+06 7.454799046480497345e+06 8.263512162391941063e+06 6.594360652704018168e+06 5.806354071984269656e+06 5.063110763326553628e+06 3.509927805868913420e+06 3.665184096080981195e+06
5.381813567586564459e+06 4.072596699870555662e+06 3.191057495761047117e+06 7.282168519158687443e+06 7.734885891579221003e+06 5.623526886802684516e+06 5.173403404968198389e+06 4.792539758243063465e+06 3.643935429867112543e+06 4.592640349863665178e+06
6.552397814119284973e+06 5.596601798878279515e+06 3.696072599828341510e+06 7.187973047643423080e+06 7.127660787513162941e+06 4.758175403997972608e+06 4.763846053663503379e+06 4.587920422092371620e+06 3.834975646227204241e+06 5.417869015074985102e+06
7.400873876453156583e+06 6.989105373445395380e+06 4.629992286359312013e+06 7.236251960102393292e+06 6.542014581364631653e+06 4.613339288987645879e+06 4.877793015560415573e+06 4.410929933331859298e+06 3.930372036913185846e+06 5.979986196578196250e+06
7.770954071257120930e+06 8.109858818019864149e+06 5.771466889376249164e+06 7.462906273801906966e+06 6.124222295434334315e+06 5.776739221972003579e+06 5.655064702720154077e+06 4.156255344435011502e+06 3.785991300707124639e+06 6.159491652123853564e+06
7.570682759269770235e+06 8.812815299664719030e+06 6.932771425472416915e+06 7.851486035538629629e+06 6.018895421005144715e+06 8.045643827666350640e+06 6.928305681209987029e+06 3.673114738568207249e+06 3.334835202541986946e+06 5.945764083626016043e+06
6.912955768439780921e+06 8.969852206602936611e+06 7.966977572093255818e+06 8.328726864336537197e+06 6.263707378785680979e+06 1.092008045539155416e+07 8.402599705469647422e+06 2.805399452983882278e+06 2.752675116934784688e+06 5.602893904276271351e+06
6.414581631534026936e+06 8.505867681542599574e+06 8.755507860885584727e+06 8.779437414187368006e+06 6.725410445098691620e+06 1.400129112321160547e+07 9.802027211661092937e+06 1.435110933554643998e+06 2.818499642417415045e+06 5.868606310745733790e+06
7.253277449389302172e+06 7.445561981022504158e+06 9.211015802522562444e+06 9.065850720848286524e+06 7.158653245248466730e+06 1.692218161846645176e+07 1.089552905773906410e+07 4.807973876663429546e+05 4.205656856208103709e+06 7.466280813410324976e+06
9.761840924614513293e+06 5.975211628485284746e+06 9.298710961753657088e+06 9.042187326616700739e+06 7.302610939056381583e+06 1.927859614078535885e+07 1.151018935724934936e+07 2.847062216272597201e+06 6.319250396387870423e+06 1.012640909832669608e+07
1.287219921069124341e+07 4.530394432602663524e+06 9.080048227626198903e+06 8.568141039881380275e+06 6.942531180556590669e+06 2.061629772574305162e+07 1.156812618702501431e+07 5.435558819766854867e+06 8.415892758382778615e+06 1.295920197827119939e+07
1.520551932419439405e+07 3.804514007766480558e+06 8.768846195025332272e+06 7.533895264876806177e+06 5.957035381229721941e+06 2.046144127858262882e+07 1.114021491995349899e+07 7.844565837723870762e+06 9.888790567708281800e+06 1.498682341160852648e+07
1.541795435149500705e+07 4.051961539621395525e+06 8.711911154892785475e+06 5.915984419107950293e+06 4.412842116062540561e+06 1.840038459444668144e+07 1.047760513412051462e+07 9.549185897166825831e+06 1.027461376636193506e+07 1.527553854949775524e+07
1.236476725509322807e+07 4.595218820010546595e+06 9.114822487517666072e+06 3.909646828225388192e+06 2.985296199333733879e+06 1.424979721749211662e+07 9.918724353532478213e+06 1.000089813984266855e+07 9.505071390518281609e+06 1.311128074202354625e+07
5.477694918281220831e+06 4.970781484974975698e+06 9.656248362585579976e+06 2.387334442056712694e+06 3.737818482919298112e+06 8.626187920200034976e+06 9.579439124417854473e+06 8.802109906295690686e+06 8.434766270391551778e+06 8.289458426423227414e+06
4.746074621040934697e+06 5.276621720312486403e+06 9.575360874021524563e+06 2.895108642837511376e+06 6.397403710998889059e+06 6.791722940660251305e+06 9.090380193929029629e+06 5.954170243518035859e+06 8.971510923211840913e+06 1.668792383210689761e+06
1.626740828207157552e+07 5.577500774141609669e+06 8.320319367887253873e+06 3.809609647915325593e+06 9.323558637263951823e+06 1.382752361357100867e+07 7.871020694482317194e+06 2.541020133761085570e+06 1.140567963993268088e+07 6.429230247379829176e+06
2.561330430416513234e+07 5.408539097991894931e+06 6.865404981450719759e+06 3.460870110366345849e+06 1.173347740649184212e+07 2.195791054600611329e+07 6.020143603286125697e+06 4.067733446317346301e+06 1.354413326085736789e+07 1.246548238905104063e+07
2.868711933189250901e+07 4.223498208336059935e+06 8.614617376975730062e+06 2.491733656058070250e+06 1.304432812755300663e+07 2.723616882448732108e+07 5.968676261297872290e+06 7.426110785504258238e+06 1.350469462479986623e+07 1.493451281901201047e+07
2.286270605173789337e+07 2.595235518791003618e+06 1.279087928542375378e+07 5.166783137988206930e+06 1.275654619491302781e+07 2.686805971504087374e+07 9.335416732357222587e+06 9.156421022196955979e+06 1.079270468190556392e+07 1.282517867583767883e+07
1.186402899392402731e+07 3.529860277440250851e+06 1.527003384033093974e+07 9.479991449781913310e+06 1.066677921771127172e+07 1.882174391988042742e+07 1.281104898522279970e+07 9.231302526275133714e+06 6.545024205231966451e+06 7.136458912306705490e+06
1.767691793477960676e+07 5.821917453733598813e+06 1.354240243820516951e+07 1.265790282871325128e+07 7.617247961193155497e+06 3.552801455591046251e+06 1.358383274623143673e+07 9.134167370762351900e+06 3.467130354170918930e+06 9.367903014142215252e+05
2.762596069181668013e+07 7.517594168389748782e+06 7.640879294307663105e+06 1.400437221963665634e+07 7.032918045395401306e+06 1.944589550701260567e+07 1.066001399329446442e+07 9.875351408573918045e+06 4.025132047596613411e+06 3.265966193386112805e+06
2.335573674975701794e+07 8.142474326197956689e+06 1.086859723544087261e+06 1.465033746834614873e+07 1.012695380476213619e+07 4.060194968822357804e+07 7.575578370176974684e+06 1.048506693917801045e+07 6.870575333877301775e+06 3.362059445129499305e+06
5.043187567656343803e+06 6.349444043073295616e+06 5.845390330406374298e+06 1.453857428740461916e+07 1.323814611003644206e+07 5.239294931116092205e+07 1.169240920670880191e+07 1.047936217917784676e+07 1.142396098326150142e+07 2.071483593306522584e+06
1.570609365179685876e+07 1.333434506925230846e+06 8.654585516110820696e+06 1.114460909975616075e+07 1.622173812728481740e+07 4.585192847985152155e+07 1.592556174724394456e+07 1.095191472283080779e+07 1.577419002309137210e+07 6.285029756440745667e+06
1.697575554948322475e+07 5.692086960398486815e+06 9.406327357063883916e+06 5.048586383895761333e+06 2.016499124093217775e+07 1.720515298586017266e+07 1.440978779250984639e+07 1.315851685527333990e+07 1.776148831435962766e+07 1.233968080886950716e+07
4.348136344809955917e+06 1.192801201900880784e+07 1.041522185406111367e+07 4.994287956802289002e+06 2.169829862621159106e+07 2.661323273957201838e+07 8.047127236103292555e+06 1.646857034866968170e+07 1.717594317265282944e+07 1.337137902091087773e+07
2.486903841090191901e+07 1.703075811740941182e+07 1.347202448286762834e+07 1.021811828080195375e+07 1.630122579518500902e+07 6.578827560300114006e+07 4.720007743655013852e+06 1.785292870720921084e+07 1.655690954777732305e+07 4.478026413820242509e+06
2.152514147407496348e+07 1.494945004151552543e+07 1.446901205316713639e+07 1.709212932778396830e+07 6.505799022573532537e+06 7.464890075041113794e+07 6.132243935229313560e+06 1.542910638026769832e+07 1.647265899953521788e+07 1.090932340686384402e+07
3.983694396794939041e+07 8.709050963201453909e+06 1.487619749597289227e+07 1.572692328115400672e+07 8.941627851448120549e+06 3.882600307585354894e+07 5.846411346219760366e+06 1.103636995633464493e+07 1.234103589382562414e+07 1.749023465096724778e+07
3.472920119754193723e+07 1.925858340059988573e+07 2.148766893662281334e+07 3.994252326275416184e+06 1.698611079281615838e+07 2.518286317152413353e+07 2.787276658021781594e+06 7.117107129722487181e+06 3.684611563788954634e+06 1.366788122578289174e+07
3.345964227216481790e+07 1.526811172756179608e+07 2.886116116596621275e+07 6.746843551107878797e+06 2.337585455978593975e+07 6.725874416348131001e+07 9.217179526140198112e+06 3.471293107636557892e+06 1.074011454706047848e+07 1.940264521281072870e+07
6.386978425635152310e+07 5.997074864342266694e+06 1.696891019276991114e+07 2.273190998863566201e+06 1.681655022056718171e+07 3.918110435773452371e+07 2.169315333886139467e+07 1.226710881671379134e+07 2.604671270226824097e+06 2.794879650014676526e+07
1.530550604300185293e+07 1.319934661661543883e+07 1.241072004677064344e+07 5.630663048198130913e+06 8.469034353309949860e+06 4.789967709354250878e+07 2.473545529714148864e+07 1.901757614393323287e+07 1.307397800395924598e+07 2.020146853956887871e+07
6.451116692140290141e+07 8.836993895804997534e+06 1.797446620159948245e+07 1.406906571705035120e+07 9.120436634670134634e+06 1.017657908906178623e+08 1.600521767829470523e+07 1.708984847407764941e+07 1.572031766660954058e+07 3.817981613724253140e+06
3.343428232760230452e+07 7.040952461075484753e+06 1.313228381887643598e+07 2.719633698486879840e+07 1.588998911568545923e+07 3.723612653758957982e+07 3.759948403834350873e+06 1.161323571258348040e+07 1.150090932978280261e+07 1.661176147224583849e+07
4.712894322642386705e+07 3.476789867640716583e+07 8.955777709034923464e+06 2.003316300031112134e+07 1.657175018121251091e+07 8.672242989034923911e+07 2.189444217463259399e+07 1.378853045107314363e+07 8.648347109764745459e+06 8.960750467878691852e+06
7.040827887763418257e+07 7.312362299314304255e+06 1.372333343749704957e+07 7.161958762800427154e+06 1.875717470834438130e+07 8.781242441631159186e+07 1.949246699934775010e+07 1.547092570067779161e+07 1.313629149976605363e+07 1.062150484562372416e+07
4.064672212057735771e+07 4.181387567262055725e+07 2.174843983360803127e+07 1.200335463942508586e+07 5.501753880292079411e+06 6.930599201662875712e+07 1.376546263239531219e+07 7.466501469044417143e+06 2.127170138083022460e+07 2.354431614304099977e+07
5.338871711161856353e+07 1.030261211288481578e+07 6.281848390604904853e+06 2.181710731946132705e+07 1.749323246280707419e+07 1.098185894715231061e+08 1.482670133585128374e+07 4.715132799641587771e+06 1.018963858460442349e+07 1.854091078875131533e+07
9.658710703927153349e+07 2.984285035386744514e+07 3.090210378984995186e+07 1.902335773999543488e+07 3.118816692493752018e+07 7.966509025309044123e+07 2.109168935593429953e+07 1.354105577671497874e+07 1.800694861745403707e+07 1.448736029921788163e+07
7.355871011843942106e+07 1.599739425371817313e+07 9.827053360128298402e+06 1.968901688235808536e+07 3.385899112190601230e+07 1.194551270845769048e+08 2.007495190347391739e+07 1.323443688909537904e+07 2.279857445344340801e+07 1.855332022291843221e+07
6.169655817075018585e+07 2.705695238671582192e+07 2.927909480601306073e+06 1.515085967585821450e+07 3.947547653017172962e+07 1.159397256724084914e+08 9.359068961495677009e+06 1.921764661713981256e+07 3.582055377497544885e+07 3.866611579082773998e+06
5.180120477191472799e+07 3.287712394601661339e+07 5.731349146898479201e+06 4.308468044179566205e+07 2.424410485128038377e+07 3.809092020309159905e+07 2.158050123007677030e+06 9.277951905243398622e+06 2.160412933162572235e+07 2.942704907300695032e+07
4.071605979155638069e+07 3.779211173372243345e+07 2.878500817769277841e+07 2.552777616809822991e+07 2.103667751988250017e+07 1.682185818747199774e+08 2.270195936988958344e+07 7.300340822339922190e+06 9.252084949710134417e+06 1.121230596130174585e+07
3.750328155594935268e+07 1.921215583533179015e+07 2.803002910788398236e+06 2.761907671742822975e+07 2.482962026927690580e+07 1.124779703152265251e+08 2.675981529738923535e+07 1.456320158579205535e+07 1.287877832333864830e+07 2.329358452682317793e+07
6.256461017157880217e+07 2.360774320661319420e+06 1.963062365935185552e+07 1.340047182816251367e+07 1.647570716769531183e+07 1.488343749090824835e+07 2.512192186455711722e+07 7.656648268233786337e+06 5.108922080947705545e+06 1.318773894531179406e+07
9.399247880399896204e+07 1.369543085651664622e+07 2.166202850263979658e+07 7.748486847184279002e+06 3.017077332003851607e+07 1.589154395082260370e+08 2.772539522617141530e+07 1.455991863212716766e+07 2.325827108606835827e+07 1.080819263100392930e+07
1.365286849049828947e+08 1.326086228541247547e+07 8.155563666936231777e+06 3.422351801550488174e+07 2.419805776856746897e+07 1.629685345297239721e+08 3.994221450749166310e+07 7.538670034157740884e+06 3.162681908439037576e+07 1.983763557065709680e+07
1.035059019084561318e+08 3.910228356116043869e+06 6.729704855042676441e+06 1.419165161808699742e+07 1.494386451947805285e+07 2.170153904763828218e+08 3.592824994790045917e+07 2.081951959648712724e+07 4.161220649926256388e+07 3.018527527986933477e+06
7.665451579333424568e+07 2.029577596896540001e+07 9.099642966606529430e+06 2.225315706807572767e+07 2.822213809012331069e+07 2.082962619526419044e+08 2.411280206570016593e+07 3.123268827686430886e+07 2.365592989203959331e+07 2.473517799518284574e+07
1.744577977476296723e+08 1.222515944764179736e+07 1.658017072737237811e+07 2.684039498324792087e+07 3.380656804331201315e+07 2.015409689477163851e+08 4.329417754268059134e+07 4.774165425611417741e+07 2.848292780023591220e+07 9.848758770805988461e+06
7.761037848696458340e+07 2.273922021490187943e+07 2.486494423721764982e+07 2.622801125078666955e+07 2.415890521711074561e+07 2.484576937653605342e+08 3.650341132551846653e+07 5.126440173217924684e+07 1.248888916725199297e+07 3.395028003539110720e+07
1.943094872452381849e+08 6.353090606376486830e+06 1.549463421014355868e+07 2.572738050697750412e+06 1.692384896114042029e+07 2.713608505000602603e+08 3.554793280455209315e+07 3.870464111394949257e+07 1.563405294818322547e+07 4.207434399022434652e+07
1.899157992331120372e+08 5.772200939569612965e+06 1.801552133166417107e+07 2.688871092898983881e+07 5.140093346605408937e+07 2.772615668255349398e+08 6.214316668267867714e+07 4.524249205764785409e+06 1.806236837089123204e+07 2.994508353894036636e+07
1.307307267731715888e+08 8.991375567732727155e+06 3.355528274025127292e+07 2.697308879749595746e+07 5.464674372810717672e+07 1.561321658898571432e+08 5.153984738107886165e+07 3.690488516543906927e+07 5.425637422898086719e+06 3.822314926907186210e+07
9.968617644112268090e+07 5.808275909643706866e+06 4.574490644370381534e+07 3.686278695055858791e+07 2.341659521396289021e+07 1.197108172674552798e+08 1.415131339806042053e+07 1.311552946215807088e+07 3.120304544454586133e+07 2.151362778957471624e+07
8.425921710359549522e+07 3.662696956179930270e+07 4.403487992634022981e+07 1.912619838866684586e+07 3.163252656027755141e+07 3.394064473451800346e+08 3.101382110665782541e+07 2.334757737435400486e+07 7.656767824251021445e+07 4.187987918333302252e+06
1.762339873511215448e+08 1.239315164098564908e+07 1.468537187725652754e+07 2.989644439048891887e+07 3.661028249471448362e+07 4.913337192849492282e+07 8.348305001744286157e+06 1.440559796050412953e+07 3.479313950880431384e+07 1.305783415837907605e+07
2.631021513646096885e+08 3.088338427020486444e+07 1.223706769492268562e+07 5.081857288214503974e+07 5.875377304232684523e+07 3.670415603088092804e+08 2.458539029461367801e+07 5.196123427687282860e+07 2.870100598285281658e+07 5.299964593963764608e+06
3.619027966710386425e+07 4.102040574028663337e+07 3.692961923506896943e+07 5.053948911864461750e+07 4.719999134749268740e+07 2.452538343287972510e+08 9.603563223961258307e+06 7.223054669218196534e+06 1.380583917260730825e+07 8.007130403034842573e+06
3.177190899810404181e+08 2.225319830970064923e+07 2.458670369452551752e+07 5.487063392720400542e+07 7.655781808841100894e+06 1.327889925835617185e+08 1.558279268803024851e+07 4.262297986787004024e+07 5.006693156905522943e+07 3.850812831327988207e+07
2.673188531371592283e+08 3.023855386614080146e+07 1.222997609914279170e+07 3.315335327556327358e+07 1.855238747944381088e+07 2.968040846777407527e+08 2.616527786963807046e+07 1.819812909694102779e+07 3.885787412086059153e+07 5.653038287423522770e+07
1.279629986885819733e+08 2.048873381155149639e+07 3.633134556436814368e+07 2.132770305835664645e+07 2.901192168686829880e+07 4.273844773435741663e+08 2.138843592968709394e+07 2.094065508708843216e+07 2.133055956533672288e+07 2.745529842360380664e+07
1.358585801937644184e+08 3.622671536622107774e+07 2.501917928085805103e+07 3.934655521660030633e+07 1.845291880228015408e+07 3.618373516171474457e+08 2.289606344888813421e+07 1.716501326269724220e+07 6.511603331177597493e+07 1.968337669014000893e+07
3.730419773506000042e+08 3.934423358298986685e+06 1.591433449578551203e+07 2.298810196465611458e+07 1.626772584477481619e+07 9.253934807475624979e+07 4.221535625266124308e+07 2.617310947922155261e+07 3.612716133040431142e+07 9.204485039644956589e+06
2.012625525100933313e+08 5.618451497570885718e+07 2.404242636267823726e+07 7.016830251979895867e+06 2.448259370377951115e+07 4.454829618141121268e+08 4.386628972135583870e+06 4.259902740882197022e+07 1.616567527855933085e+07 2.473028153171523288e+07
3.924505126624819040e+08 4.197687077634913847e+06 1.550515936559570767e+07 4.572170486952441186e+07 3.697989910946381837e+07 4.954834669988562465e+08 4.891525069880944490e+07 2.693823263258159906e+07 3.864743446510047466e+07 8.630516871157359332e+06
2.918903200671914220e+08 2.449815741154028475e+07 2.003471074168081954e+07 2.778355776315275952e+07 3.740838739089788496e+07 5.597674355613968372e+08 3.582839430562788993e+07 2.110001040642119199e+07 8.742803153613541275e+06 4.024307596511941403e+06
4.216106933562919497e+08 4.434949536244793981e+07 7.001739285781079903e+06 1.777139965925410762e+07 3.605445051006985456e+07 1.998131212063207924e+08 1.831727868731848150e+07 3.013160128345775977e+07 3.847912301793510467e+07 3.054807927966710925e+07
4.666698485747389197e+08 3.055632126140344515e+07 1.680225175943691656e+07 2.039074586442815606e+06 6.734362818420705199e+07 5.570115827039215714e+07 1.282168526744463481e+07 1.263147184464873746e+07 2.963096636358321831e+07 5.001042679428575188e+07
2.489041720221440196e+08 1.367892908163884096e+07 3.209560260112195089e+07 2.777789675372053310e+07 4.423312457787404954e+07 2.383385181352981925e+08 2.628918247025448829e+07 2.364400353523721918e+07 2.187290371361842752e+07 4.494816287398410589e+07
6.419036037549974024e+07 4.712817847263176739e+07 1.837325505485517159e+07 1.201411621926487237e+07 3.265028973784182221e+07 7.715580849608887434e+08 2.726468946693816781e+07 4.134481786284149438e+07 3.777334286336711794e+07 6.846504796679137647e+07
2.066778371917677522e+08 1.810193745949405432e+07 2.290502406862225756e+07 5.607695476016207598e+06 2.890838723530474305e+07 5.208348035817689896e+08 3.628929927480208129e+07 4.243095456917537749e+07 2.599339144663459063e+07 1.222230397429874726e+07
6.667707370243805647e+08 3.836793245851969719e+07 5.303849283931482583e+07 1.954735433949836344e+07 9.386163093922652304e+06 1.024694461383271217e+09 9.827591056485909969e+06 1.708298270021496713e+07 2.468553529220308736e+07 1.706470688900377601e+07
5.147199443008249402e+08 1.474277341865323298e+07 1.175828906335627660e+07 1.301841513243100978e+07 3.124456127738852054e+07 1.029378026808596253e+09 5.711384429359533638e+07 4.020089157388281822e+07 7.229585765322218649e+06 1.582393372520022839e+07
7.011423209684262276e+08 1.617732612360185198e+07 1.881137746181425825e+07 1.685115155508505180e+07 2.068695276614879444e+07 1.213934643274642706e+09 1.152437601182956994e+07 7.375371359685044736e+06 2.445557496128271148e+07 3.440818740315219015e+07
5.546183840187164545e+08 1.193840765573568270e+07 2.265203804872110859e+07 1.191743060705309920e+07 4.890069409811124206e+07 4.225308063881045580e+08 1.618890921938018873e+07 3.124896467396031693e+07 2.436757544173710048e+07 2.523002464794775844e+07
9.061225569986271858e+08 2.445008518778714165e+07 1.341313258270608447e+07 3.167758138027681783e+07 1.350925609183127061e+07 1.389699708796066284e+09 8.940052818987427279e+06 2.717991244873807579e+07 8.939374256050171331e+06 1.450437017596231028e+07
5.711011714926787615e+08 5.926758709200174548e+06 1.081454343578029051e+07 1.164985508423152193e+07 5.118818724982278049e+07 1.486628851318560839e+09 2.299549178740984201e+07 7.692888772410658188e+06 9.717057082522988319e+06 1.067151695167355612e+07
1.084655723370043993e+09 1.382139426789567433e+07 1.027097095554859936e+07 9.298485930995274335e+06 1.042399652578881010e+07 1.502161649379440546e+09 1.741883064698236436e+07 3.696170600479393452e+07 4.802191896599190682e+07 2.616935492764559016e+07
1.131991631444789410e+09 2.463493092212637141e+07 6.229701589412622154e+06 1.233312509991324507e+07 1.565137290030287392e+07 7.540664939891211987e+08 8.057722402549006045e+06 1.393500740247972310e+07 8.474535129494033754e+06 2.308810129767433554e+07
7.270306246815688610e+08 9.526527368160156533e+06 8.485964895915254951e+06 9.367786846811637282e+06 1.228681735807510279e+07 2.129046784136781096e+08 2.595566563303746656e+07 9.195186349646456540e+06 8.391387547059040517e+06 8.342257227804792114e+06
1.139292298540869236e+09 7.712707585732746869e+06 1.678107818730621412e+07 2.331408405823600478e+06 1.370010542324170470e+07 1.015357259937814355e+09 3.046521449024385959e+07 3.563148360747726634e+06 1.433952492557644658e+07 1.283973777947198972e+07
3.399438843143759966e+08 3.664184439572905190e+06 6.907874884355291724e+06 9.591549916175806895e+06 1.073068400830751285e+07 1.863650200733335972e+09 1.944440565425905958e+07 1.041284707900811173e+07 1.002876630175063387e+07 2.215572626037586108e+07
8.730184958890595436e+08 2.042869899933074042e+07 2.612423600707548484e+07 3.307828561605148017e+06 1.429463647029519081e+07 2.328763998788969994e+09 9.253353963814113289e+06 4.898834610757176764e+06 4.153692430713857524e+06 1.196391534872309305e+07
2.834675912224371433e+08 1.514846599226373620e+07 1.289012802237771824e+07 5.360608415130459704e+06 2.009425117310857028e+07 2.038538391020936966e+08 1.057303375737676769e+07 1.227073571810456552e+07 4.860843649995857850e+06 2.210220329351133108e+07
