2.184819683742367488e+05 8.027757875850675628e+05 3.675157243630698416e+06 7.725271196481939405e+06 1.133123593743891828e+07 1.278709676336907782e+07 1.137489162001656741e+07 7.724574729668512009e+06 3.599578283478354104e+06 7.279698613030646229e+05
1.460512677190758986e+06 3.408596592328383122e+05 2.890541598827608395e+06 7.548319216431380250e+06 1.174149723954517953e+07 1.343668719204160199e+07 1.179319030466106720e+07 7.535264306035024114e+06 2.778626188026479445e+06 4.591502008021387155e+05
2.849468229531518649e+06 1.640421744993932778e+06 1.915232165805854136e+06 7.202255870771843940e+06 1.202166218784627691e+07 1.396967200200093165e+07 1.208236706372725591e+07 7.170102173877260648e+06 1.754895556874033995e+06 1.796602757581883576e+06
4.324836316752551123e+06 3.065430747468947433e+06 7.690962459394308971e+05 6.670876071648687124e+06 1.213424118088031001e+07 1.433660559608730674e+07 1.220485760221334733e+07 6.610413820849646814e+06 5.612494122776587028e+05 3.275874681993766222e+06
5.792870845445673913e+06 4.539570951924453489e+06 6.022136780117490562e+05 5.946885089772346430e+06 1.203933473219784535e+07 1.447852217307424173e+07 1.212059905204437301e+07 5.845838535667161457e+06 9.262101326553189429e+05 4.819630789462363347e+06
7.121215417014334351e+06 5.954802030030843802e+06 1.993990076240532566e+06 5.036500921977563761e+06 1.169679989230008982e+07 1.432674578664466180e+07 1.178917552273090556e+07 4.878955425679420121e+06 2.438626547058320604e+06 6.321360824939377606e+06
8.138261776856542565e+06 7.166782650832812302e+06 3.423233701850119047e+06 3.964835103744748980e+06 1.106950339435380697e+07 1.380345981078903563e+07 1.117305875689464062e+07 3.730931708166581113e+06 4.015617635791152716e+06 7.637555462471020408e+06
8.639792744623670354e+06 7.998271573032345623e+06 4.763323795146907680e+06 2.782484333545849659e+06 1.012784761411410011e+07 1.282342753510198370e+07 1.024214284454698674e+07 2.449608410967051983e+06 5.538487070334514603e+06 8.590132041117377579e+06
8.407073761920765042e+06 8.251339963443637826e+06 5.876396762347427197e+06 1.579331821454797173e+06 8.855662820716133341e+06 1.129736367693014443e+07 8.979690502605475485e+06 1.139416885832388187e+06 6.871049501587646082e+06 8.977658376612354070e+06
7.241800641729381867e+06 7.731873215714265592e+06 6.610021281058484688e+06 6.084292558577863965e+05 7.257384989867235534e+06 9.137564037138627842e+06 7.389660943090857007e+06 6.052293170501786517e+05 7.859118407918843441e+06 8.599033844509787858e+06
5.029955026994906366e+06 6.289955625213679858e+06 6.815334310063331388e+06 8.960180436016357271e+05 5.366209015359923244e+06 6.266489953076715581e+06 5.505256035426020622e+06 1.632033078923255671e+06 8.346920013264341280e+06 7.294440534788412042e+06
1.990658377268243115e+06 3.884380911088164896e+06 6.375857967931756750e+06 1.525981420170825440e+06 3.253120788981828373e+06 2.629143505719295703e+06 3.399323788167820312e+06 2.547176483981464524e+06 8.204221925250242464e+06 5.017609631281146780e+06
3.013504998949210625e+06 9.617101429672262166e+05 5.244886591875564307e+06 1.787180576863341499e+06 1.050164257445965428e+06 1.792762256668258226e+06 1.218880900063709822e+06 3.078692388253873680e+06 7.363079941379064694e+06 2.141072817856711801e+06
7.442556160494381562e+06 3.544305035313660745e+06 3.485633441845213994e+06 1.554933016147725051e+06 1.222014792753333692e+06 6.952177040339373052e+06 1.139652987923923647e+06 3.113414745030315127e+06 5.861161661879383959e+06 3.004431986879909877e+06
1.158093327636738308e+07 7.391746931659407914e+06 1.302641358952708310e+06 8.701657205669252435e+05 3.155172085123134777e+06 1.272318636250444315e+07 3.036646952642662916e+06 2.614974839297690429e+06 3.891891720590903889e+06 6.885321438934394158e+06
1.423751021920716949e+07 1.047047174255725928e+07 9.537838347608668264e+05 8.023413016237453558e+05 4.653889472913247533e+06 1.886433959321535751e+07 4.514593256987447850e+06 1.655417276324392995e+06 1.939363328047718853e+06 1.034921290992001817e+07
1.423529660000353493e+07 1.182546183660409972e+07 2.828070930676490068e+06 2.100698977971946355e+06 5.492290740599201061e+06 2.499493809618236870e+07 5.316025888632034883e+06 4.823215663152750931e+05 1.555530922316896031e+06 1.233184153778321855e+07
1.069100482778462581e+07 1.064017465576271527e+07 3.868535456389280967e+06 3.393280393984800670e+06 5.509845930766515434e+06 3.057419126173298806e+07 5.269257397407325916e+06 8.190484948092111154e+05 2.576630080638258718e+06 1.199290058323878795e+07
3.712947637053533457e+06 6.563150011625910178e+06 3.797600870461708866e+06 4.164357047431128100e+06 4.656772560191015713e+06 3.489634488833056390e+07 4.328639365087284707e+06 1.482031203383998713e+06 3.035710481462217402e+06 8.937850185227107257e+06
6.864073613625726663e+06 9.912457372941125650e+05 2.738339604286993388e+06 4.076680204068195540e+06 3.053703736010019667e+06 3.711414634835570306e+07 2.708438993767123204e+06 1.290935199418579694e+06 2.675655989418722223e+06 3.764042610330548137e+06
1.642043177031569928e+07 7.745269075622814707e+06 1.605754813561675837e+06 3.202353751306462567e+06 1.047797660916986293e+06 3.630649031881573796e+07 1.648253988969414961e+06 5.228212386714143213e+05 1.903348014906055061e+06 4.039084452160972636e+06
2.201998502307112142e+07 1.399458492776882835e+07 1.860107449344626628e+06 2.784904256624744274e+06 9.489006274206911912e+05 3.160716531228629500e+07 3.049167935611360241e+06 2.565979642060829792e+06 1.406213140104698716e+06 9.216764539732484147e+06
1.983290416482856125e+07 1.649690581831627712e+07 1.982852730547463521e+06 4.145018305557554588e+06 2.088796464610622032e+06 2.240824388589281216e+07 4.516324954312200658e+06 5.353292373420222662e+06 1.713961753299552714e+06 1.112484468607864156e+07
9.094653436387350783e+06 1.390038796764699183e+07 1.296802440003998810e+06 5.510396595291238278e+06 2.057006397022692487e+06 8.649141657617712393e+06 4.730917049740032293e+06 7.667515632468244992e+06 3.640423323068659287e+06 8.091328446450471878e+06
1.124986345095862634e+07 7.409687013620801270e+06 2.538217148183139041e+06 5.322711982613324188e+06 2.150689620736814104e+06 9.001504808591887355e+06 3.414018128016631119e+06 8.529321039535602555e+06 6.658609013366655447e+06 1.308039604757053312e+06
2.530524455211417377e+07 3.797107040470528416e+06 4.149156977680350654e+06 3.363546751481215935e+06 5.170691700634432957e+06 2.840714920106511191e+07 2.967770260664987378e+06 7.540920256878975779e+06 8.993783960897540674e+06 7.482457854333500378e+06
2.629663948882242292e+07 6.081481647897680290e+06 4.777526352734574117e+06 2.161800980954752769e+06 9.240605000513792038e+06 4.641364342335989326e+07 6.609504596218987368e+06 5.538499612748857588e+06 8.870624628345828503e+06 1.166838757761037908e+07
8.724984818534648046e+06 3.655793324763326440e+06 7.153159993350125849e+06 3.448504409890478011e+06 1.230491610448675975e+07 5.857400879065486044e+07 1.058311512293457612e+07 4.714082822553112172e+06 6.647396379077238031e+06 8.887127148497711867e+06
2.001591942986598983e+07 4.053242856275541708e+06 1.054230552399155125e+07 2.340287694487584755e+06 1.270103716133329459e+07 6.000038175539664179e+07 1.257187266830760054e+07 5.773869363408017904e+06 6.570495169921474531e+06 1.134676895593550056e+06
3.664636443811019510e+07 8.285944531302060932e+06 9.667507805982220918e+06 1.860882600716773188e+06 9.873061168701712042e+06 4.675201288520793617e+07 1.155933996702605486e+07 7.543980743908285163e+06 7.444973903198055923e+06 7.696896435448694974e+06
2.261196792674553767e+07 6.784726378127725795e+06 3.912609973018264398e+06 6.156453923799190670e+06 5.339063030611800961e+06 1.794045275576372445e+07 8.284722263510061428e+06 9.057181752442132682e+06 4.572347695487312041e+06 1.063116873854301311e+07
1.504015398266889714e+07 4.572949451789150015e+06 8.561371609824603423e+06 6.249485271275042556e+06 3.279769962087149732e+06 2.275681117730160803e+07 5.497257624268630520e+06 8.340346654447531328e+06 3.283784800524557009e+06 1.061015485255543143e+07
3.657338326553364098e+07 6.495842791936789639e+06 1.045414668318345398e+07 1.941795899085001554e+06 5.278286610334887169e+06 6.375774690618778020e+07 5.549989062310975976e+06 5.247221024250593968e+06 4.213013834529911168e+06 1.297587394283862412e+07
1.191990268627954088e+07 7.594012814867543988e+06 4.458557269256465137e+06 6.376045532750060782e+06 1.080242048869073205e+07 8.949360278419943154e+07 7.550447177034627646e+06 2.875397469387781341e+06 3.096124968672012910e+06 1.450366139527042769e+07
3.164269562018045038e+07 4.653767678080313839e+06 6.226919493975925259e+06 9.154440849544147030e+06 1.711632142248846963e+07 8.364081035331742465e+07 9.727845158229330555e+06 3.703790631200941745e+06 1.003721309152804874e+07 1.183473433345708624e+07
2.383687807947256789e+07 2.625171616636047605e+06 6.118161188034692779e+06 1.196893316837735847e+07 1.746384626547035575e+07 3.913562144973593205e+07 8.248874863369026221e+06 1.012241981890358590e+07 9.828994871796591207e+06 1.224017944668497890e+07
2.818677401873592287e+07 3.386320130729204975e+06 1.047244964534002170e+07 1.148580291749283858e+07 9.335852442691795528e+06 3.433860188691333681e+07 3.721914232936990447e+06 1.221013487087302655e+07 3.815086455590376630e+06 1.163055798321477324e+07
1.990416325664070994e+07 1.556942432985021360e+07 1.420964744636422954e+07 1.986550321392963408e+06 1.032493591993876616e+06 9.878923379663741589e+07 8.344973724473792128e+06 4.692431140611790121e+06 9.086554214318305254e+06 1.030633735670121573e+07
5.788107661435186118e+07 1.392282169467741624e+07 8.152946841515404172e+06 9.008664746357042342e+06 5.972876181415664963e+06 1.117253133295437992e+08 1.017212315709517896e+07 7.068800377236780711e+06 1.215307637032752112e+07 1.639068417069468647e+07
4.154404390908235312e+07 6.255606475246833637e+06 4.008721434821764473e+06 1.114139648985081166e+07 9.356985041550910100e+06 4.824017848543149978e+07 8.295649854192270897e+06 1.254988127603109740e+07 1.207029797649176419e+07 1.666571386028205603e+07
5.186628260554850847e+07 5.632975942849490792e+06 7.974501348978294991e+05 9.804721150287425146e+06 5.687444474708731286e+06 6.152874276589076966e+07 9.885390874851375818e+06 9.376805234095867723e+06 1.680262425693447236e+06 1.312413438902361505e+07
6.221904959283914417e+06 1.892595844616913423e+07 1.310992496469758637e+07 9.042016610337635502e+06 9.528945337361829355e+06 1.302782240316087455e+08 1.361581547239208035e+07 3.850291265671462752e+06 4.660616889277921990e+06 1.664038453555508284e+06
4.489052561754276603e+07 1.884799877063678205e+07 1.418480628804364800e+07 1.417333944250412844e+07 1.654634617357808352e+07 7.577974366294899583e+07 7.917058658933682367e+06 1.527963658297133446e+07 6.338624232342999894e+05 2.896944549781786278e+06
8.807646784805902839e+07 7.285912371948378161e+06 1.770047677692354098e+07 1.575439308674802072e+07 7.506339150248307735e+06 7.698186075479009748e+07 1.373395451385096647e+07 4.267371723875007592e+06 1.876135807931755483e+07 6.410328157259667292e+06
2.901440489868213981e+07 7.304168269440833479e+06 1.715219273035469279e+07 4.770101892541847192e+06 8.785595799719842151e+06 1.656581327542090416e+08 3.365037994210076984e+06 1.061579609898900986e+07 5.400229052165476605e+06 1.235663955416079797e+07
4.627519990971536189e+07 1.663007631658925116e+07 2.037019887122265249e+07 7.749341440595305525e+06 2.129701983263377100e+07 4.849923860832319409e+07 2.217350069397525117e+07 9.059246178957561031e+06 1.910741469961580262e+07 3.596058513407927752e+07
5.067700828540689498e+07 2.118294796933244914e+07 1.075343302769104764e+07 1.533996852630033530e+07 1.278798747448228113e+07 1.593543847030067146e+08 1.196432951498362236e+07 1.068346868397434056e+07 2.684247679533492774e+07 2.113197045071459934e+07
8.109913169670350850e+07 4.131993795541661233e+07 1.813088736076216400e+07 2.356089048469763622e+07 2.524009218204717338e+07 1.429070734326704443e+08 1.668598380364728533e+07 1.498006193963349983e+07 2.296122627455062233e+06 9.274038618158357218e+06
6.859492420303077996e+07 2.871531466866392642e+07 1.286697775795485824e+07 1.758659767381809652e+07 9.135049765826208517e+06 1.237152606807321906e+08 1.069896343385051936e+07 2.320838328088401631e+07 2.612687964837275445e+07 2.089561607064706832e+07
1.557195792880974710e+08 3.366938843924161792e+07 1.169789512794676796e+07 2.090676233450940624e+07 7.091406786676182412e+06 1.748504033716339171e+08 2.921402875417895149e+06 2.435742271973032877e+07 3.235314942389096133e+06 1.630614669282686710e+07
8.144858429786330462e+07 3.266652206627867371e+07 3.310007282371635735e+07 1.865613048865458742e+07 2.665253566580238938e+07 1.489753433969253004e+08 4.928496794783508522e+05 1.997246656594907120e+07 2.748703703356603533e+07 9.333975657192463055e+06
3.708212722370855510e+07 3.295981641221017018e+07 4.004310298691247404e+07 2.040576295673400164e+06 2.314228024135825783e+07 1.709752431174402237e+08 1.895906404403227940e+07 1.831366789184305444e+07 3.169872430234235711e+06 5.420591218744424731e+07
3.503376494570351392e+07 3.186812067147588730e+07 3.163854872162735090e+07 2.107237678896898404e+07 3.272483647874419112e+06 2.220349257519998848e+08 1.990774667059250548e+07 9.774023607389127836e+06 3.747834803501667082e+07 2.476612748767062277e+07
8.589125528523723781e+07 3.110592267821436748e+07 4.507182482184323668e+07 1.726437827094090357e+07 2.436321854435046762e+07 3.157670803259651735e+07 1.301792771890788339e+07 8.519598110938945785e+06 2.053421363714473322e+07 4.890771925712797046e+07
1.439621087367872298e+08 2.496594546392650902e+07 3.199774409809871577e+06 1.161076489864626713e+07 3.058717036947480589e+07 2.708318158490175605e+08 4.677625240151666105e+06 1.838839995312606171e+07 3.303974382289903983e+07 5.990799524854425341e+07
1.052160563990188688e+08 5.212690547529372573e+07 4.624084227232557535e+07 4.473982145422630012e+07 2.035204136021690443e+07 2.485659674647157490e+08 2.541953089761703089e+07 1.707967248447365314e+07 1.167500454429911822e+07 1.864846575133146718e+07
1.380603614943528175e+08 4.332259724875798821e+07 4.082129143821416795e+07 6.202800751230563037e+06 5.470429612528124824e+06 5.085058522685696930e+07 1.993426029836949706e+07 1.654150843638632074e+07 2.278372875770458952e+07 2.057726115503570065e+07
9.619386344962190092e+07 4.897324807471831143e+07 5.977642827443009615e+07 1.103360896258236095e+07 8.877124052769487724e+06 1.865691915733502209e+08 2.274060951375591382e+07 2.600731374110306054e+07 2.791238477735770866e+07 6.785108735265940428e+07
2.170040896215815842e+08 7.210519727365572937e+06 1.649291042611179501e+07 5.640356524186400324e+07 2.840179470742734894e+07 3.541982115740107298e+08 2.420500570939424634e+07 2.092669509212284349e+06 1.820858623265738785e+07 3.189215323987841234e+07
8.959487589360962808e+07 2.422512481245054305e+07 9.271493112134572119e+06 1.692171499783778191e+07 3.575752837270621210e+07 4.026725830398309827e+08 3.217220465946987271e+07 1.355230019934512675e+07 3.433925846171406657e+07 1.746104549912679940e+07
1.550384922197848372e+07 6.214715269147641957e+07 2.414773367591668293e+07 2.781417047608908266e+07 1.675442404775998369e+07 4.066099545211384296e+08 3.079427917587230727e+07 8.914335987290993333e+06 2.460763313162698224e+07 1.409326728359646909e+07
1.470789222775530443e+07 6.852658331953461468e+07 4.949143989976014197e+07 1.887355173461674154e+07 3.398617030646964163e+07 4.092822373633696437e+08 5.706365746742834337e+06 3.683119835213512182e+07 2.853055167553845793e+07 4.339969099977012724e+07
1.079102044157694280e+07 5.391107996688508242e+07 4.734600917580021545e+06 5.897695824606521428e+07 6.165591209028817713e+07 4.399647673451719880e+08 2.861921360910929367e+07 3.602697050709531456e+07 3.930514976627222449e+07 1.725401817868382856e+07
1.525044378276540339e+08 6.294868734766016901e+07 4.447193554813751578e+07 3.794940331536521018e+07 3.656327910748728365e+07 4.787735712021479011e+08 2.128493485147574171e+07 1.823818909906741604e+07 1.057102159375439957e+07 6.323799639253683388e+07
1.081588535880223960e+08 5.909766827764709294e+07 6.656319025283201039e+07 1.091750286946915463e+07 6.619273835491980426e+06 4.196809200525714755e+08 4.957153275291569531e+06 2.118451694843665510e+07 3.469105313896191865e+07 7.017538259280654788e+07
2.960564334143693447e+08 7.814173201940642297e+07 3.219923611506553739e+07 1.832428998335294425e+07 5.185081675020863116e+07 1.106977669667198807e+08 1.577824358171039261e+07 7.068542157250691205e+06 2.757905806020571291e+07 3.434573736000686884e+07
1.321735007448240519e+08 3.706708006132447720e+07 6.406509836259929091e+07 1.413614562596959807e+07 2.293234751969433948e+07 3.977357138399758339e+08 1.856451054087489098e+07 1.476499018857825082e+06 3.868682446666953713e+07 1.040612063659626245e+07
2.626720353491216004e+08 6.415685034646815807e+07 3.858743514734292030e+07 3.757579670246730745e+07 1.203049373296042718e+07 6.038187158502370119e+08 1.703350928023205698e+07 1.654657630297850259e+07 4.058038968776409328e+07 1.269163069988001138e+07
1.965002701873915792e+08 5.485837351740448177e+07 4.385203282209429890e+07 2.330661310526895151e+07 2.230261283168042451e+07 1.659338604265873730e+08 1.535866573593738861e+07 4.191732450159660541e+06 1.874235943244322389e+07 4.209278196320973337e+07
2.090409667897663116e+08 5.587677353411734104e+07 8.861723329274664819e+07 1.520866304533756524e+07 4.616767769931470603e+07 6.670023186896475554e+08 5.278260830014759675e+06 1.651169837904678285e+07 5.449537628413219005e+07 3.031571433159272000e+07
2.463364376895623803e+08 3.644273080484826863e+07 2.148272035371608660e+07 1.206297717977581546e+07 1.478107627126690559e+07 5.585592387116243839e+08 2.065294568108385056e+07 3.278783648156201094e+07 9.699570808082323521e+06 1.011522380947811343e+07
3.923090003325600028e+08 4.972929215512222797e+07 1.566967428932316229e+07 9.036328211375009269e+06 2.177956385835414380e+07 1.590919132749481872e+07 1.314289498411146738e+07 2.517108346274252981e+07 3.710185016569942236e+07 6.571937674672698230e+07
1.403188770154494643e+08 4.628271560793436319e+07 2.919266943459048867e+07 3.774172089923657477e+07 1.229554212489346229e+07 3.951479050331159234e+08 3.724665663837056607e+06 2.072523573368272185e+07 5.702779311636710912e+07 9.633018108336700499e+07
1.367684828507560194e+08 3.762924514336296171e+07 3.967355848283886909e+07 3.122603932101206109e+07 4.971199984974710643e+07 5.147371463663238287e+08 4.279738232898902148e+07 1.492702140480753221e+07 2.186010677374610305e+07 6.184468326609305292e+07
5.165137536289612055e+08 5.987011938998102397e+07 5.507508578878432512e+07 5.075626644780088216e+07 2.811517135409466177e+07 3.852731306755058765e+08 1.429073531646993570e+07 2.696533371516784281e+07 2.340626540144095197e+07 3.003260588724441826e+07
1.530874760135204792e+08 9.296073628500708938e+07 1.599859993634062260e+07 1.557849411100759357e+07 1.921420393389008567e+07 2.228695982176542878e+08 2.648902327073406056e+07 2.412966724556506798e+07 2.301691485378640145e+07 2.056151685136124492e+07
4.690824729206404090e+08 9.833709692698571086e+07 4.575327044820946455e+07 2.165909398093137518e+07 1.732856125018831342e+07 1.033642233267794967e+09 1.228418549315604754e+07 2.324523183937072754e+07 3.297355604730946198e+07 2.034624011368130520e+07
4.934631968666883707e+08 9.051770451600699127e+07 1.016467059659242071e+07 5.005911479449772835e+07 2.162222268100798875e+07 5.285680202567510009e+08 4.588353027971214056e+07 2.714020276916013658e+07 1.462824558954853192e+07 5.875527804973312467e+07
3.743075962023731470e+08 3.435995250037593395e+07 1.758177175007725880e+07 2.643041186276894435e+07 3.683730299219276290e+06 1.236285483146006584e+09 4.797168121725223027e+06 7.050642743920727633e+06 1.535306439033690095e+07 6.110347874436128885e+07
4.397283447541146278e+08 1.001237450244056731e+08 2.758279143969764188e+07 1.650529086120616086e+07 2.353727593161934987e+07 8.380026612434560061e+08 9.560829147750785574e+06 3.489612466129094362e+07 1.424929789208500832e+07 1.964919382167800143e+07
4.032654013288348913e+08 1.213618461032414287e+08 4.017625424426524341e+07 2.932002250822884217e+07 1.153736591294446401e+07 6.365862147810031176e+08 3.544172620815186203e+07 2.525082540563573316e+07 2.407452489885786176e+07 5.325991044693669677e+07
6.330993642292881012e+08 3.462473619332751632e+07 3.999368590487414598e+07 4.094502932030314207e+07 3.804209961798138916e+07 1.070593774759320855e+09 2.741469823116263840e+06 2.295759779377207533e+07 1.783945670304989070e+07 2.200787870449554920e+07
1.585296848371617198e+08 8.647762115505331755e+07 5.785330061243530363e+07 4.042350947735746391e+06 1.843485566583381966e+07 1.627160410601868629e+09 7.926435507705271244e+06 3.277493266832103580e+07 3.366366220744165778e+07 2.958783940325013921e+07
2.889409829284039140e+08 3.232852100000783801e+07 6.925301415675829351e+07 3.292701654540631920e+07 8.073107576444189996e+06 8.446950469483514130e+07 4.105083772603602149e+06 1.697315452193307504e+07 4.390043929773956537e+07 3.413138702240800858e+07
6.675200286174169779e+08 6.929825878861753643e+07 3.713800640457078815e+07 2.549246176568710059e+07 1.509211106220348738e+07 1.545331662951463461e+09 8.907541763297349215e+06 1.005347516850566864e+07 7.507185572119796649e+06 4.514277399067719281e+07
8.192140428184741735e+08 5.080372483565150946e+07 2.105203824659273028e+06 3.139848858241379261e+07 1.276810233441187628e+07 1.931418469901632547e+09 1.261805781841187179e+07 2.789991953543687239e+07 1.683087539885948598e+07 5.104069037826673687e+07
4.662476897284641266e+08 1.615072885577225685e+07 1.948266787056772783e+07 2.093279496133513749e+07 1.009292551709586382e+07 1.569207212825690269e+09 1.568345637924509495e+07 7.354368042566819116e+06 3.403439887456175406e+06 8.699667472184851766e+06
8.495612348563208580e+08 4.291740243451347947e+07 5.296196062754963338e+07 2.835180930171061307e+07 6.538906418519984931e+06 9.916116614684931040e+08 1.390499019243125990e+07 1.107343603547984175e+07 1.438468998718906567e+07 1.875195617882481962e+07
2.049616920294565558e+08 2.998251545117484778e+07 2.238908952904943004e+07 2.174627093675686046e+06 9.113149534686671570e+06 1.650308861181285858e+09 7.487093656642268412e+06 1.038037808484250866e+07 1.250430824210577458e+07 3.321187935840825550e+06
6.024796009703304619e+07 1.961277359801672399e+07 1.859387558242418990e+07 9.043083779274692759e+06 1.872394054050788283e+07 2.313175149275285244e+09 8.058695670679524541e+06 1.273167966368553229e+07 1.000242955433721468e+07 6.516881730487244204e+06
1.273906911342008591e+09 6.648387108689941466e+06 1.709229581504429132e+07 1.196182405178730004e+07 1.710743402995936945e+07 8.040479232067694664e+08 1.802252544865574921e+06 1.424684586632566154e+07 3.927390365650855005e+06 1.998726732157393824e+06
1.190534388343209743e+09 4.109368047695514746e+06 8.108782784868502058e+06 1.208006010539931990e+07 1.021310426376108825e+07 3.423950491225575447e+09 3.229494276561701670e+07 4.345109308412126265e+06 1.308367492621709220e+07 1.791970922835436463e+07
1.550520143527824163e+09 1.248484826216337457e+07 1.331758066787057184e+07 9.422447644140986726e+06 1.072011697542765550e+07 3.108572641798489094e+09 6.524718702558297664e+06 3.504038801693200134e+06 1.146799879642323032e+07 9.089531481512181461e+06
2.460704445628672093e+07 3.512517122413469106e+07 8.892473181592423469e+06 5.880654456302553415e+06 3.182522213320988789e+07 4.329773982456423759e+09 3.982955230875222385e+07 1.318627095165586658e+07 1.330723973248304613e+07 1.329420405254499987e+07
