4.455763540108511224e+06 5.100875678760635667e+06 5.822542855241098441e+06 5.842323778859199956e+06 5.182682025137127377e+06 4.722125941377173178e+06 4.917185620466039516e+06 5.204180934112215415e+06 4.951487469763771631e+06 4.456362707832884043e+06
3.924665759796681814e+06 4.716097431004090235e+06 5.596513165583580732e+06 5.577193114091794007e+06 4.688545283144438639e+06 4.104955675673986319e+06 4.409431243633523583e+06 4.834227494646805339e+06 4.525054522183656693e+06 3.901588163367112633e+06
3.287610215762180276e+06 4.218865105299209245e+06 5.259568104907618836e+06 5.178340441577431746e+06 4.006326451415139250e+06 3.290240937627200503e+06 3.724872705025460105e+06 4.317915991093976423e+06 3.932335316918894649e+06 3.178597288085822016e+06
2.710959412302412093e+06 3.678602096300679725e+06 4.829353704794795252e+06 4.655981380273943767e+06 3.178825785648187622e+06 2.400814158415030222e+06 2.911040764022944495e+06 3.664663167973277159e+06 3.165655444736781064e+06 2.348047409591434989e+06
2.619844811758146156e+06 3.270590661535772961e+06 4.351351737892816775e+06 4.050667092548631597e+06 2.428916990922373254e+06 2.045939224243773613e+06 2.197051316898611374e+06 2.919947085647344124e+06 2.227507079125957098e+06 1.707843842568137916e+06
3.408578017307021655e+06 3.297697350565925241e+06 3.912215570120317396e+06 3.459633284437826369e+06 2.441902794168762863e+06 3.115761040959462989e+06 2.255086145943186246e+06 2.222698153868880123e+06 1.134274446267398540e+06 2.032041839543992421e+06
4.891202421345330775e+06 3.964272774392534513e+06 3.640263413815445267e+06 3.068074768601592164e+06 3.669273426212041639e+06 5.187851701266957447e+06 3.429114157860324718e+06 1.926365466734642163e+06 9.859688682144861377e+04 3.320489076046422124e+06
6.738841175069591030e+06 5.144446103134253062e+06 3.651479746107464191e+06 3.095143433067010716e+06 5.635816486760124564e+06 7.796966236743222922e+06 5.218352756087350659e+06 2.372299934952711221e+06 1.371784362567126285e+06 5.002186668524714187e+06
8.717375460453409702e+06 6.581605073490237817e+06 3.943454301567431539e+06 3.563521662287164014e+06 7.971292951515444554e+06 1.074936278565302677e+07 7.277813394955737516e+06 3.301857523518383969e+06 2.659394129566586111e+06 6.808887527025605552e+06
1.061548296045026742e+07 8.045516514832794666e+06 4.372337801488825120e+06 4.243548298641460016e+06 1.046417366480387747e+07 1.388066921947604232e+07 9.406369247313100845e+06 4.347717293032771908e+06 3.863298434201013763e+06 8.565329972811752930e+06
1.220017181397471577e+07 9.328633850858418271e+06 4.742731108793314546e+06 4.859368112765723839e+06 1.291513472128626145e+07 1.698315241144187748e+07 1.141664581647788920e+07 5.303627243975650519e+06 4.892816537441456690e+06 1.009824440668945201e+07
1.321052408792954870e+07 1.023128876679191180e+07 4.882720192161674611e+06 5.182493289547025226e+06 1.509309975285131671e+07 1.978337236136261001e+07 1.310348401639457420e+07 6.047064881012761034e+06 5.666041877897559665e+06 1.122601443562202528e+07
1.337771816693147086e+07 1.056976844873840362e+07 4.677897387723442167e+06 5.036234962669557892e+06 1.673030978783596680e+07 2.193899332058506086e+07 1.424803247397971153e+07 6.513034855999769643e+06 6.128276400036330335e+06 1.177414972541804798e+07
1.247418370785845257e+07 1.020440607076962106e+07 4.101608145612391643e+06 4.309260240108880214e+06 1.753815216008901596e+07 2.305338844528260082e+07 1.464078011571433954e+07 6.700594738305058330e+06 6.271408240055312403e+06 1.160599814732794464e+07
1.041177039588906802e+07 9.083485770565548912e+06 3.261447993976992089e+06 3.004497325930874329e+06 1.724175951760374010e+07 2.271360025660037249e+07 1.411968557661600970e+07 6.673281795576657169e+06 6.149185086899925023e+06 1.066450862562797032e+07
7.487757039740767330e+06 7.299705197817867622e+06 2.463118981605438050e+06 1.496132724976750789e+06 1.563338474474756606e+07 2.055933253151509911e+07 1.261950078370188549e+07 6.521585621525688097e+06 5.888350154847307131e+06 9.018860299893828109e+06
5.334578097187924199e+06 5.164182030946938321e+06 2.121318193233734462e+06 2.027660319078216096e+06 1.264123544389420189e+07 1.639343510260269232e+07 1.022397264457950741e+07 6.279116515491832979e+06 5.710145125652064569e+06 6.906188252885572612e+06
7.136635910627231933e+06 3.339550443007194903e+06 2.097966112735250033e+06 4.078068532107818406e+06 8.403663986115742475e+06 1.037885162406822853e+07 7.207608722370974720e+06 5.856460635121008381e+06 5.957142347069013864e+06 4.756492540749710985e+06
1.097510087754218839e+07 2.765040161878472194e+06 1.674187906683108537e+06 5.895869515987241641e+06 3.333622978151776828e+06 4.152198882203390356e+06 4.062102605549969245e+06 5.096269417931713164e+06 6.973337618222569115e+06 3.157412656676306389e+06
1.385181856901856884e+07 2.974747321922560688e+06 4.767184372438470600e+05 6.970949692049674690e+06 1.968025459771565394e+06 7.588066820707654580e+06 1.683012935065551894e+06 3.958904498414588161e+06 8.748040694439286366e+06 2.445968070642107632e+06
1.419118573338234983e+07 2.592419986181445420e+06 2.036667823300031247e+06 7.164406420824802481e+06 6.456045516604281031e+06 1.464594271754246019e+07 1.833101073504504049e+06 2.745660028144149575e+06 1.073835344357038662e+07 2.045109307180748088e+06
1.156226302302897349e+07 1.265258077955642948e+06 4.828481328959394246e+06 6.811051950957011431e+06 9.331927662249075249e+06 1.928682040377679095e+07 2.538207868190867826e+06 2.076193838259852026e+06 1.200687742231563106e+07 1.418790612786573824e+06
8.838554089743366465e+06 7.343976009937139461e+05 7.361027745508779772e+06 6.638819313541577198e+06 9.972095584004124627e+06 1.936526117727826536e+07 2.687582907847219612e+06 1.806720508398636011e+06 1.149305818663926981e+07 9.386184581008419627e+05
1.297045177034147829e+07 2.292548733217452653e+06 8.834133799093797803e+06 7.032152272048799321e+06 8.530980411656437442e+06 1.372707226855410822e+07 2.815529392247183714e+06 1.474874484206198715e+06 8.453170751192314550e+06 8.924822640710519627e+05
1.955822318746211752e+07 3.787483345019669272e+06 9.180248147820942104e+06 7.735712784518055618e+06 6.675415624528412707e+06 4.514223665648202412e+06 2.814865692381282337e+06 3.086582504077938851e+06 3.024514526788873132e+06 1.962646781624773517e+06
2.114220397388380021e+07 7.019409571153875440e+06 9.570635699081199244e+06 8.864596323664933443e+06 7.478620193535500206e+06 1.356296312540774979e+07 1.858360883139816811e+06 5.723993247441781685e+06 3.612656093224157114e+06 4.934703161131923087e+06
1.375421017333512940e+07 1.195386014363638312e+07 1.073547793715021759e+07 1.051236727054361627e+07 1.036628059067314118e+07 2.591015286670291051e+07 8.813992082958280807e+05 7.098334749191454612e+06 9.009157696451675147e+06 8.256616837514692917e+06
8.787443571132879704e+06 1.562137552849984914e+07 1.082748265731768124e+07 1.105386555569532514e+07 1.305734056422733329e+07 3.065447167854014039e+07 2.665431443975640461e+06 5.841144762414890341e+06 1.126235217793136276e+07 9.410289004895579070e+06
2.778243513134569675e+07 1.439079792899271101e+07 7.793808511246002279e+06 7.958104737690519542e+06 1.474475821084664948e+07 2.336891873256581277e+07 2.444820535676120315e+06 3.523297968690739013e+06 9.938397657428359613e+06 6.121865381499294192e+06
3.977030900765009224e+07 6.847502405477505177e+06 2.892732186869437341e+06 6.138458114994229982e+05 1.403994792211580463e+07 9.125793875591428950e+06 2.457135483255717438e+06 5.151588198807445355e+06 6.653898254919768311e+06 1.576654539662080584e+06
3.034414705407404527e+07 5.822825262355981395e+06 5.400289758869458921e+06 9.040858078832436353e+06 8.731725614052712917e+06 2.281827833245323226e+07 9.373642697829987854e+06 5.782093153067857027e+06 3.482942648142911028e+06 1.008875711906437203e+07
4.924398500227558427e+06 1.395275628107015975e+07 8.054254237224884331e+06 1.488302306293460354e+07 5.453844154705231078e+06 3.410645313710289448e+07 1.495415689588007517e+07 3.027398851941366214e+06 2.152437068303690292e+06 1.408238322213863954e+07
4.378075674349107593e+07 1.478961734400073625e+07 8.194725428394183517e+06 1.513207557523478754e+07 1.701864052511503175e+07 2.366862791680086032e+07 1.501790091473672539e+07 4.438859506353924982e+06 5.495526219759980217e+06 1.102548613027754799e+07
5.874810620159055293e+07 1.305767623560006917e+07 7.097934596767818555e+06 1.785889710800921544e+07 2.443521629325227067e+07 1.178409446100044809e+07 1.278734516106625274e+07 8.630070459238788113e+06 9.709844354451041669e+06 4.501848005182129331e+06
2.704528010071119294e+07 1.168125229143748619e+07 3.598433566746660043e+06 2.231242333478089795e+07 2.474447122325397283e+07 3.472034103115057945e+07 1.316304937132856995e+07 1.119614141886716709e+07 1.009831232825084776e+07 5.702995552520052530e+06
3.179885327252659202e+07 6.009635982173163444e+06 5.010439458796994761e+06 1.613956127791299298e+07 2.449799685571797565e+07 2.426035635112571716e+07 8.029174805797140114e+06 9.924337978245198727e+06 4.481828026148631237e+06 1.071235467756886221e+07
5.799692585412740707e+07 1.823100441611250490e+07 5.264723901250377297e+06 5.133248974641873501e+06 2.194980125427066535e+07 2.595835984911160916e+07 1.588411293426373508e+06 7.226774497577348724e+06 2.411616444753931370e+06 1.356983038895850442e+07
2.828798579668562487e+07 2.182582315353168175e+07 7.567507514311457053e+05 1.352408851796997525e+07 1.799140112643850595e+07 6.708718950019231439e+07 2.293191560168220196e+06 4.238484244645543396e+06 8.504645680271435529e+06 2.309750211192594841e+07
5.183289018038682640e+07 1.075206330730189569e+07 6.667641709260865115e+06 1.238167376306371205e+07 1.867598786636273935e+07 3.974055919271758944e+07 1.272511174976541474e+07 5.186685175719433464e+06 1.406675870393969491e+07 2.811342267296241224e+07
2.733097346231382340e+07 8.152740007856346667e+06 8.534706107849996537e+06 1.591702481386702880e+07 1.018418364634069614e+07 4.699821992900719494e+07 1.756101601382514089e+07 7.320013659864901565e+06 1.519476623007385060e+07 1.848740167217883840e+07
5.848909892792339623e+07 1.575875500086315721e+07 6.392882514622187242e+06 1.052422052457977645e+07 2.151581603617512435e+07 7.266583592075364292e+07 4.658292482647966594e+06 4.915280806301921606e+06 2.521235052541155741e+07 1.557300934404423833e+07
3.729888716773805022e+07 1.253047339285331778e+07 4.532063839721848257e+06 1.035505242846841365e+07 1.544732140724889189e+07 2.713764713294363767e+07 1.317246684997390211e+07 1.243197399824396893e+07 3.065839941888469458e+07 1.904146531731011346e+07
5.868490747872074693e+07 8.476000090763039887e+06 9.993471207789517939e+06 1.962159189498473704e+07 1.038184281932371296e+07 9.247615611255791783e+07 1.356636545883090608e+07 2.602026466480670869e+07 3.374920908030197024e+07 3.764353789374516159e+07
2.170907834656984359e+07 5.878892378489247523e+06 6.487188677271412686e+06 1.951608723629326001e+07 1.543737314245954715e+07 1.718085230375366285e+07 9.738516766506914049e+06 2.956842704997916520e+07 2.376599654482751712e+07 3.238978183136061206e+07
1.048410015971332639e+08 4.410437361618713476e+06 9.342523528036868200e+06 1.867835324165524542e+07 1.684853734922110336e+06 9.854234649857918918e+07 5.503266886556603946e+06 2.936160741861654818e+07 1.223319610656150617e+07 5.871512046246426180e+06
2.265479473677185923e+07 1.509420086299702525e+06 5.126282279468772933e+06 6.593564816217255779e+06 3.942330645935144275e+07 4.861624349032919854e+07 1.712380108144638315e+07 1.289913965588364191e+07 2.850189174263095111e+07 2.389568410060580447e+07
7.220340650154551864e+07 2.877296864615284838e+06 9.384720590687043965e+06 9.001435140378151089e+06 1.842585260413751006e+07 8.554477079768383503e+07 4.084995735943214037e+06 1.601888076842347905e+07 4.646892139395701885e+07 2.336601271613580361e+07
9.730008022216553986e+07 3.500304911191647407e+06 1.623023214984288672e+06 1.347943433836054429e+07 2.745494127079557255e+07 1.118790310491987169e+08 1.417043425394664146e+07 7.668739479354012758e+06 3.605125699392870069e+07 1.972416472684050351e+07
6.905882580342835188e+07 2.325843324178579077e+07 1.238169710355069488e+07 1.684104707114051282e+07 3.751083693902023137e+07 2.381403312829330191e+07 1.433108882502555102e+07 1.865811972366249934e+07 2.629792325711877272e+07 2.903072289802524075e+07
3.178357249325149134e+07 1.706732247818612307e+07 2.026651315582579374e+07 1.506607817059959285e+07 3.025911043853333592e+07 7.205717351867488027e+07 1.337731964431333169e+07 1.717857441798995063e+07 4.344147262443556637e+07 9.719560116861958057e+06
5.116347967070272565e+07 2.700726734721687064e+07 1.406015311143800989e+07 1.933971669780267775e+07 2.239804961671015620e+07 1.264929353587496579e+08 1.002039839539755695e+07 5.963537023929350078e+06 2.378045916397354752e+07 1.324293806288401224e+07
1.168992245940753222e+08 1.541149069375817478e+07 7.553115454172174446e+06 2.732054981927350909e+07 1.457013919774296135e+07 1.188493016269429773e+08 2.499426466175233945e+07 3.267212665804138780e+07 1.069276660328107886e+07 1.462374611864658073e+07
1.544442927119486332e+08 1.177133818314998783e+07 2.092210036956213787e+07 2.673695311743877083e+07 2.681223152982374281e+07 1.000366974435139298e+08 1.754727157155599445e+07 3.096646191013893858e+07 2.077050304384009168e+07 2.431730706231105328e+07
1.145948705003922880e+08 5.570476174225497991e+06 6.452314787729397416e+06 1.707963567588319629e+07 1.297191125964587182e+07 4.150752692923804373e+07 1.577244456424921751e+07 1.698909009031119943e+07 1.658011597854398191e+07 4.652967961453060061e+07
9.378556470456580818e+07 1.448083803335160017e+07 4.211266301268903911e+07 2.365983021563930064e+07 3.068366797784802690e+07 4.128062924798598886e+07 1.731803423353594542e+07 1.811254674659915641e+07 4.699647063127502799e+07 4.673251593901847303e+07
1.277367779145746082e+08 2.634230341036415845e+07 1.788506565546929091e+07 1.376302390506165475e+07 1.637969895796213485e+07 4.019832534604205191e+07 1.663633767953463458e+07 3.056256154278569669e+07 4.665635824173374474e+07 5.524990884252595901e+07
5.108464467111963034e+07 2.264080788725706562e+07 8.068255563460169360e+06 1.084782046391482279e+07 5.978169536806263775e+07 9.371087495014055073e+07 2.386388418792747334e+07 2.894273144657306001e+07 2.036629338715446740e+07 4.865228775195947289e+07
1.145832460024576336e+08 1.910226371972641721e+07 2.643695177758109942e+07 1.843387346575488895e+07 3.302294888481930271e+07 1.464006705201142430e+08 2.072875068046844751e+07 4.808924303799845278e+07 2.052309409001683444e+07 2.651151664051915705e+07
1.801747676377994716e+08 1.730271734362941608e+07 1.573019611399718001e+07 2.368448942192272842e+07 1.766601275907143950e+07 2.127566609612925053e+08 2.133209814293671772e+07 2.512473520328418911e+07 3.496645527154495567e+07 4.698426791335297376e+07
7.978446396118198335e+07 3.198826469898244366e+06 1.190639417157668434e+07 1.765333437013863027e+07 3.316211291828138754e+07 1.195824355931780785e+08 9.180885451760506257e+06 1.441466290925643034e+07 1.830350149489569664e+07 1.798190641458747908e+07
2.270011408802158237e+08 4.449277908265200257e+07 2.274541601621790603e+07 2.882685411137351021e+07 5.488779180238177627e+07 8.534454012734317780e+07 4.376413724696591496e+06 2.574592177280401438e+07 1.527880336600642838e+07 4.354709235001469404e+07
5.512455814036142826e+07 1.607114808812432550e+07 1.638929121992549114e+07 4.163010837255879305e+06 2.530970766692408547e+07 2.417481966229923069e+08 6.728261647873847745e+06 1.589614478771759570e+07 3.098914489407853037e+07 4.232658174720726907e+07
1.907216510696879923e+08 9.693428958829564974e+06 1.024163265331903473e+07 3.698250784064945579e+07 5.125241087924773991e+07 3.419514001232112199e+07 1.583905951003056392e+07 2.959892282856378704e+07 1.936412514661514759e+07 4.376866943727099150e+07
2.739646243877210021e+08 8.272427841371393763e+06 1.272090978985916451e+07 2.944145567927083373e+07 4.168185907375758141e+07 2.222355062958937585e+08 9.476149359160432592e+06 2.638349382254236937e+07 3.209893364938331395e+07 1.099663619665159844e+07
1.874861561588861942e+08 2.052604747934367135e+07 1.146136886494178139e+07 3.041114723491075262e+07 4.386446919602797925e+07 2.603343795800423324e+08 2.121558329404168949e+07 3.236828845334908739e+07 5.779326598379524797e+07 2.067104220587910712e+07
2.294807379471093118e+08 2.244225984740283713e+07 3.011049104105682299e+07 3.001107717481983453e+07 4.937369564655645937e+07 1.966712523935081661e+08 2.243633146089180186e+07 1.783604223828573152e+07 7.204540504963248968e+07 5.301602085283900052e+07
3.260555209222297072e+08 2.451738091345849633e+07 7.226428519603488036e+06 2.644400837941603363e+07 2.903561991906392947e+07 1.302647306329553574e+08 8.548611010349359363e+06 2.397437098136935383e+07 2.179854636398756132e+07 4.716177064413970709e+07
2.506405562619743347e+08 1.104677566498201527e+07 1.162177923638470285e+07 2.441445315041888878e+07 4.680141006236039847e+07 1.460981990100239813e+08 1.076981836819698848e+07 3.460278084651042521e+07 2.233996608847722039e+07 8.903264360019207001e+06
1.036508845469515175e+08 6.665756179828063585e+06 1.702935408346121386e+07 2.548395750130363926e+07 4.422412842944379896e+07 3.196263437602657676e+08 1.040395408443606831e+07 5.870036084666127712e+07 6.575180658339434117e+07 5.435987629393416643e+07
3.623741499778659940e+08 2.379417952376902103e+07 2.404893977837498486e+07 1.722581412839577347e+07 2.381924153125982359e+07 3.710491368261546493e+08 2.903716192592929676e+07 2.104073176437535509e+07 5.118913491902320832e+07 6.197096397065114230e+07
1.622873091467600763e+08 9.085063549864634871e+06 3.700583404248937964e+07 3.865584892750318348e+07 5.305757305129033327e+07 7.759146458956356347e+07 5.304696138293076307e+07 1.245629415986068919e+07 2.720172716686457768e+07 6.424531111602621526e+07
1.942475534441045225e+08 1.481622458424899541e+07 2.556187451893780753e+07 2.659680956951333210e+07 6.097145590513842180e+06 4.012842964008461237e+08 3.693766290396924317e+07 1.330535068915990181e+07 5.904552773286116123e+07 7.475258735202361643e+07
2.069768135867388844e+08 5.424529329468379728e+06 4.144221284508396406e+06 4.038741793816864491e+07 2.611509848714342713e+07 3.414374745636308193e+08 2.772968333561673388e+07 3.288833437193882838e+07 8.543685921772219241e+07 1.561591317710472830e+07
1.461055878823843896e+08 8.234878563935468905e+06 2.195824345726727694e+07 3.158968260905747861e+07 2.772366662355997041e+07 2.161067002210462689e+08 1.890669643716967478e+07 2.241552049862979725e+07 1.753119655341015011e+07 5.085602607343601994e+06
4.506056585049350262e+08 2.088239105049942434e+07 1.104017912771608308e+07 1.068938825039669126e+07 7.113607201088778675e+06 3.163778134416939616e+08 1.355736178708247468e+07 1.470854391181701049e+07 3.638205887508279085e+07 3.240165172555966303e+07
2.722349369472181201e+08 4.572681149301371537e+06 6.928605247966604307e+06 2.662024751590374485e+07 2.750602676068267226e+07 5.549945853420577049e+08 1.312929861158215813e+07 3.040441114409272000e+07 2.288451562958756089e+07 2.145080464265786856e+07
5.539679468187544346e+08 6.630910281367650256e+06 2.743211829705469683e+07 2.333013517048000172e+07 2.265997962814317644e+07 3.695808192059939504e+08 2.252964267893423140e+07 5.294305195216788910e+06 4.339452185064215213e+07 3.704274464869074523e+07
6.073256351973880529e+08 9.155815846034750342e+06 1.667622018929674663e+07 1.289536269960973412e+07 2.800366310889529809e+07 6.580877206650980711e+08 4.008418774623617996e+06 1.190702185757776722e+07 3.854372489639756083e+07 1.383646397319657914e+07
4.817805712323517203e+08 2.005817161862722412e+07 5.183527397188655101e+06 1.691811302566355094e+07 1.102921641402450763e+07 5.216265433494767547e+08 1.775522413213355467e+07 3.046556806285680830e+07 2.428732854610783979e+07 2.402896532719447836e+07
4.129506991148632169e+08 2.619745226474444941e+07 2.422346840029860288e+07 3.091895944185388461e+07 3.890359027845473588e+07 6.279818141039513350e+08 1.793434640012221783e+07 1.684910978335371614e+07 1.418974155503206328e+07 2.886576308436455578e+07
2.817101450796198845e+08 1.733485758101496845e+07 2.999330340329414979e+07 2.334176566549533978e+07 2.262137945242799446e+07 7.755026977831808329e+08 8.091585395593758672e+06 1.878915636860654503e+07 1.862732242117231339e+07 8.298857408298511989e+06
3.386413022522605658e+08 1.283819032375645824e+07 9.201338343279071152e+06 1.729716221798504516e+07 2.412702798917989805e+07 4.367703836784882545e+08 2.681420656748615205e+06 1.733226611278300732e+07 1.407450836443307810e+07 2.004797475986398011e+07
5.268476944105176330e+08 9.219957989887660369e+06 1.034522743126081862e+07 1.808918121640602127e+07 2.940655534777582437e+07 1.475472224432862997e+08 1.460738118937504105e+07 1.720994262332965434e+07 5.926449777115596458e+06 2.354117392889427021e+07
6.422603331154550314e+08 2.347050630339634791e+07 2.144522887151686102e+07 1.667804105229403451e+07 1.741372197208063677e+07 3.482573410158314705e+08 3.694079649993019644e+06 7.252790788741790690e+06 2.325665810479916632e+07 2.172019815176907927e+07
8.503544560115684271e+08 2.547746930695706978e+06 1.200041839564807899e+07 3.348994994739097543e+06 1.470055193368413672e+07 1.121409781078110695e+09 1.253787769338600151e+07 7.460212974199703895e+06 7.760084558023834601e+06 9.740628996034264565e+06
2.683671117376181185e+08 1.735588076691887528e+07 9.700358396416306496e+06 7.541891123386586085e+06 2.001779847203730419e+07 8.984417830768976212e+08 1.657908997956622578e+07 1.229381652839574590e+07 6.527022003006770276e+06 2.458761241243105009e+07
1.105449441603394032e+09 2.131845024917381629e+07 5.487003319354750216e+06 1.394969987338461727e+07 6.308732727439342067e+06 1.192898022872310162e+09 1.578784430397888832e+07 2.200656982226039469e+07 2.253497364082722366e+07 8.131901870369787328e+06
1.088713348397923470e+09 3.271589070460820571e+06 5.223891848827183247e+06 5.227287109505929984e+06 2.140247346679349989e+07 9.507244626603940725e+08 1.670005309975756891e+07 7.375940698364422657e+06 6.175279251949425787e+06 1.602964132992492616e+07
9.257396476967422962e+08 1.446275840316197462e+07 3.921607701889965683e+06 8.837122314737044275e+06 1.188926876416313834e+07 1.555480275342315674e+09 8.248808542430467904e+06 1.337121890487301163e+07 1.052497240924173966e+07 1.534073413943224028e+07
6.780912107559148073e+08 1.215193858876359183e+06 9.774967019272746518e+06 5.618666324888751842e+06 2.242393420013353601e+07 8.983657635858322382e+08 9.019387302372399718e+06 1.640232692978617735e+07 1.292481663498146087e+07 1.434426169400742464e+07
1.902898430336266279e+09 6.228384418814791366e+06 9.821033500981116667e+06 1.300709696930756979e+07 1.166815058944231458e+07 2.013282573264475584e+09 2.248598731101161800e+06 8.460539284770458937e+06 5.898279931006223895e+06 6.309155857734461315e+06
