9.571754758892338723e+05 5.788048816426398698e+05 1.455822119175679050e+06 3.421731171590524726e+06 4.965886403310441412e+06 5.660790324594277889e+06 5.450510742796040140e+06 4.232819477163702250e+06 2.266891647837162018e+06 7.622558221585784340e+05
1.761077866404599510e+06 1.177720931031614309e+06 8.894096654689754359e+05 3.193194123418713454e+06 4.958903809744810686e+06 5.723325293205567636e+06 5.499384255711373873e+06 4.118986691295603756e+06 1.826912449061111547e+06 9.202002062691507163e+05
2.829020304615973961e+06 2.132545676499739289e+06 2.366610822269941273e+05 2.875111876515800599e+06 4.864304370833807625e+06 5.677178830595290288e+06 5.445980019990069792e+06 3.909638672841782682e+06 1.275714471913377289e+06 1.690629285518452059e+06
4.084933237927432172e+06 3.276989528059811797e+06 6.808715453897262923e+05 2.476616286493350286e+06 4.676477114332338795e+06 5.498343515966621228e+06 5.267258084509974346e+06 3.596976387293513864e+06 6.734303340961768990e+05 2.745758243091790006e+06
5.481586492066605948e+06 4.558086901021245867e+06 1.610993831387918442e+06 2.029514881639032857e+06 4.402107739685146138e+06 5.166749428985406645e+06 4.939830264184443280e+06 3.179999199374036398e+06 6.064253810117688263e+05 3.976458304669585545e+06
6.957174372071965598e+06 5.919523744025927037e+06 2.628308078027741052e+06 1.613167841972918482e+06 4.071381465319926385e+06 4.676511989379374310e+06 4.441729196998575702e+06 2.670067620293184649e+06 1.391826804306387668e+06 5.322270088555188850e+06
8.422059852077264339e+06 7.282129674045005813e+06 3.674871270141295157e+06 1.388672240069787716e+06 3.755311161417565309e+06 4.062218263461891562e+06 3.754959661772671156e+06 2.103448260455965064e+06 2.362938450212913100e+06 6.712793831284416839e+06
9.752321995972245932e+06 8.537289056838214397e+06 4.676992971757574007e+06 1.505123586399365449e+06 3.580210948274979368e+06 3.468979108417210635e+06 2.869125893528172281e+06 1.577607829921787372e+06 3.371502467926661018e+06 8.053990232457264327e+06
1.078801836847287975e+07 9.545455897106416523e+06 5.540708729047485627e+06 1.859031474011877319e+06 3.697387827413665596e+06 3.281533508094692603e+06 1.787620740184288472e+06 1.332333938833084190e+06 4.332266395205709152e+06 9.224758790865860879e+06
1.133807896213350259e+07 1.014042166456251778e+07 6.155422058912966400e+06 2.223538014926963020e+06 4.175046072371648159e+06 3.987602806646057405e+06 5.672339086762289517e+05 1.612610042762661353e+06 5.154602948164251633e+06 1.008009899871726707e+07
1.119527453561279736e+07 1.014157533364358544e+07 6.403618860738934949e+06 2.429024238373560831e+06 4.929813469109558500e+06 5.593731470188454725e+06 9.831807399736647494e+05 2.258744606065462343e+06 5.741768940353246406e+06 1.046233743536510877e+07
1.016590241496694833e+07 9.376615048518402502e+06 6.177669788499513641e+06 2.378734798502480146e+06 5.787503522503394634e+06 7.797342204379373230e+06 2.473303212346600369e+06 3.051783120293377433e+06 6.001951895916250534e+06 1.022337831701971404e+07
8.122223231014779769e+06 7.716465592495511286e+06 5.403953215825942345e+06 2.111855982203705236e+06 6.552940409757735208e+06 1.034769436554324441e+07 3.985386526949144434e+06 3.923985841394860763e+06 5.866481357428798452e+06 9.262424843744531274e+06
5.116619123746321537e+06 5.123367173750531860e+06 4.072475271109493449e+06 2.055292112856585300e+06 7.032992704947133549e+06 1.302972626441694424e+07 5.386718905839423649e+06 4.893649389551768079e+06 5.313314709581455216e+06 7.590333016879333183e+06
2.241595309606509283e+06 1.743501617211873177e+06 2.267425218184391037e+06 2.951623413548317272e+06 7.047618857315770350e+06 1.560620209226083942e+07 6.534462027918800712e+06 6.007787238250637427e+06 4.393134676648548804e+06 5.473073122542056255e+06
4.761786684122689068e+06 2.450196642097695265e+06 2.496289810306635045e+05 4.718184440478421748e+06 6.452440550070627593e+06 1.779577607891049236e+07 7.272332940976675600e+06 7.281512545105885714e+06 3.258698772944889497e+06 3.902634474912720732e+06
9.092278424421511590e+06 6.504974744416734204e+06 1.901996556531898445e+06 6.836076174689630046e+06 5.181805832823222503e+06 1.928120617715309560e+07 7.443906664004673250e+06 8.641176119121642783e+06 2.225152277482436970e+06 4.628828214580069296e+06
1.257789798849472962e+07 1.002482924297046475e+07 3.566802930447189137e+06 8.817705745561312884e+06 3.341201989994825795e+06 1.975377156746986508e+07 6.911159377383981831e+06 9.902009144014559686e+06 1.872054394696471514e+06 6.698325550481049344e+06
1.404090713248009980e+07 1.224882760808237083e+07 4.490351181724030524e+06 1.016539795732983015e+07 1.728593766398673877e+06 1.902100529604864493e+07 5.574821034376400523e+06 1.079765921756195463e+07 2.439957113994114101e+06 8.313102655978467315e+06
1.257487585432096757e+07 1.254574945688594878e+07 4.481047627901037224e+06 1.041773713537418284e+07 2.842959964349334128e+06 1.725032189598688111e+07 3.397338383049169555e+06 1.106340158521101251e+07 3.431905011109497864e+06 8.649582842829899862e+06
7.851837534601612948e+06 1.062282755761334114e+07 3.668878178446493112e+06 9.287903151658734307e+06 4.808341287423260510e+06 1.548945992072260194e+07 6.787700255296888063e+05 1.057079983026618510e+07 4.541782443901668303e+06 7.490348618715202436e+06
5.343653582658856176e+05 6.740386934186711907e+06 2.654611179250700399e+06 6.860434529990964569e+06 5.850574025052289478e+06 1.606258489899609052e+07 3.533664152592251543e+06 9.502138557617800310e+06 5.448189721155478619e+06 5.235835470781277865e+06
7.503994983342569321e+06 1.876971745754302479e+06 2.320863960925703403e+06 3.931905652723726816e+06 5.203334807538594119e+06 2.039977673474444821e+07 7.834284174527749419e+06 8.479989815131656826e+06 5.648247845677509904e+06 2.941829890792186372e+06
1.342980207862813398e+07 3.240146866401081905e+06 2.698704505536169279e+06 3.100812432733224705e+06 2.531845606772503350e+06 2.674750424902555719e+07 1.232631302822270617e+07 8.260950919964186847e+06 4.900535257693114690e+06 1.738733187941106269e+06
1.454875306825413741e+07 6.646176094162575901e+06 4.141556746783748269e+06 4.690621783985473216e+06 2.594673767985436600e+06 3.224044713058703020e+07 1.636364254886012711e+07 8.755476864709261805e+06 4.589670141453674994e+06 7.995077077713763574e+05
1.041048037312438525e+07 8.486593974452223629e+06 7.776350189498783089e+06 5.259451906276877038e+06 8.326123896297954954e+06 3.421345581261543185e+07 1.901942074184658006e+07 8.958559470054918900e+06 7.060048571148938499e+06 2.175344299980344251e+06
7.369346159210720100e+06 9.795804175082365051e+06 1.317565881549975090e+07 4.214158207679332234e+06 1.375625815140194632e+07 3.059642928318567574e+07 1.920448132851151749e+07 8.002929132070730440e+06 1.034999153262950853e+07 4.896597206620963290e+06
1.073671642256453447e+07 1.130784787424873933e+07 1.862827072804103419e+07 4.135028806156708393e+06 1.700182264605214819e+07 2.092597267626342177e+07 1.605274152237708494e+07 5.889361329114121385e+06 1.186170293548869155e+07 5.713239899989184923e+06
8.344058371902531944e+06 1.113875771572013572e+07 2.128132160126435384e+07 7.528266092077053152e+06 1.675206161910689995e+07 1.146541287040288933e+07 9.527345792051594704e+06 4.910701001349438913e+06 1.075248712360121496e+07 2.819089474238601048e+06
9.880070020189210773e+06 6.932573591923825443e+06 1.782148191615049541e+07 1.126610083469850384e+07 1.308242761570933834e+07 2.178253615496126935e+07 1.790437562433278654e+06 7.676051223583730869e+06 8.619927749196937308e+06 3.278359548833201174e+06
2.516442802911221609e+07 9.071444906571276486e+06 7.975364332613874227e+06 1.307097891675036773e+07 8.420269165301380679e+06 3.562742510070712119e+07 8.159067892107976601e+06 1.068445936934009753e+07 8.267482814262151718e+06 9.298542026884887367e+06
2.679567160743496194e+07 2.075176091876835003e+07 1.251718084010587819e+07 1.276634332705280930e+07 8.389148278610514477e+06 3.940617267112026364e+07 1.393862136057572998e+07 1.215434735344514064e+07 9.584596710226897150e+06 1.184452842403149977e+07
5.546125189182172529e+06 2.427668629477044195e+07 2.322499497536127269e+07 1.282823870157091692e+07 1.254136103646662645e+07 2.780436825137839839e+07 1.618544809039927460e+07 1.366509612269837037e+07 1.128104773589129932e+07 1.108795774209455959e+07
3.413814737331258506e+07 1.132893964337554201e+07 2.162478414812093601e+07 1.274091299350287765e+07 1.618221269916351885e+07 4.287553501572414301e+06 1.633737590899273008e+07 1.479593811763888411e+07 1.198761309977359138e+07 1.196682073860932142e+07
4.400414023448803276e+07 1.104264270030742697e+07 7.867447853964499198e+06 7.532900011980350129e+06 1.792130722148194537e+07 2.476810298537070677e+07 1.606662202128502168e+07 1.163270423819940537e+07 1.030320915305353329e+07 1.486733315225282870e+07
9.201648240743393078e+06 2.216429278959871083e+07 7.425145925693197176e+06 4.861379071227621287e+06 1.827019689795198664e+07 3.664632202114405483e+07 1.471174616092080437e+07 4.966086453489453532e+06 7.497865491536019370e+06 1.211307307118227333e+07
4.226020655937609822e+07 1.197063175438470580e+07 1.054988157174719498e+07 1.345236203518291749e+07 1.961956318725264445e+07 2.582376003270281106e+07 9.159434381157090887e+06 7.491867541235867888e+06 4.467340651102619246e+06 2.173802569085510448e+06
2.817367368244666979e+07 2.742322956665423233e+06 2.378671554288223386e+06 1.196950613310154155e+07 2.321261998592613637e+07 3.731688752723022550e+07 4.184438742900627200e+06 1.618633091065083444e+07 2.633499047434309032e+06 1.999301667642077897e+06
3.849730368340743333e+07 1.309337770587623306e+07 1.000574837147995643e+07 9.582451193594908342e+06 2.387293264100447297e+07 6.548474334844247252e+07 2.251088126862663776e+07 2.116841933369946107e+07 6.068713404689540621e+05 1.235622852508373559e+07
4.917297303920660913e+07 1.927832599385947362e+07 1.060770562515259348e+07 1.490428185482975841e+07 1.552893762192790024e+07 5.687662536289462447e+07 3.461250787862059474e+07 1.955419141881086305e+07 1.322372142880954221e+07 2.189196357089365646e+07
2.713675509110170603e+07 1.497340116499048844e+07 7.594727436718901619e+06 1.851321809853523597e+07 6.733519393018449657e+06 5.092404760486601293e+07 3.313956751577037573e+07 1.589498998077717423e+07 2.114616027072394639e+07 1.168745092894407362e+07
2.595553830602866411e+07 1.831665402847903222e+07 9.888578150906017050e+06 1.978745562826886028e+07 6.974115038142668083e+06 8.584113054092031717e+07 2.427392663155384362e+07 9.906026534766700119e+06 1.592136875651329570e+07 1.625704170031150244e+07
4.015879063435133547e+07 2.567838008119433746e+07 1.130643216805412248e+07 4.971178949412075803e+06 1.056976548681228794e+07 5.408445686523588747e+07 1.415197428308295272e+07 2.859980300144982059e+06 2.311734975070354342e+07 2.439385798764131218e+07
1.499716187558735907e+07 1.328947330321670696e+07 1.149973799347488582e+07 1.150797912291410752e+07 9.131350138695182279e+06 6.318255788457490504e+07 8.993889076350096613e+06 7.644796449517627247e+06 3.060546992238255590e+07 3.009511037793684378e+07
4.217590763038895279e+07 1.869475086212555319e+07 7.141295600445412099e+06 2.541699730327439681e+07 1.621083080849770457e+07 9.080732367288562655e+07 2.395409562290963903e+07 9.946266725535560399e+06 1.724037840889521316e+07 1.859577783166470006e+07
4.451193378821547329e+07 1.093840241306342185e+07 2.772399741831996664e+07 1.755156627919700369e+07 1.041780455494461581e+07 6.682134872267336398e+07 1.775071386374065652e+07 9.376550143314853311e+06 1.141182888303362206e+07 1.373053779655000940e+07
5.180885160206443071e+07 1.642968293823093362e+07 1.003340071831160039e+07 1.151376110366529040e+07 1.429574450033064932e+07 1.092858263514436781e+08 4.462092260351079516e+06 5.198700505124407820e+06 3.711329406655105948e+07 1.514543619776046649e+07
2.039420125100043416e+07 1.363770794954126887e+07 1.326642296769982949e+07 2.978812291405934095e+07 1.933054798300371692e+07 2.499549216125877202e+07 1.997758007500103861e+07 1.347169698598639295e+07 3.990698029207574576e+07 1.271177902156735212e+07
6.608143500191596150e+07 1.704928535124610364e+07 3.312143988092922047e+07 1.031769646059180424e+07 6.705123092219810002e+06 9.039953091821269691e+07 3.515438452582686394e+07 2.415950671691971272e+07 1.951644297510435060e+07 8.490194042959665880e+06
6.300906438833896071e+07 1.633768947939029709e+07 2.578499926958102733e+07 3.676770263404574245e+07 3.938525019194049388e+07 9.785246920847812295e+07 3.009696512207720801e+07 2.321562295022385195e+07 2.370366186209253967e+07 1.838866738252571318e+06
7.375283608576111495e+07 2.922669542998997867e+07 3.977779420517759863e+06 7.191682075677988119e+06 3.003869241624477506e+07 7.347427697768391669e+07 1.482961990309535153e+07 1.144435427339333855e+07 2.375021853833561391e+07 2.628391333637668565e+07
7.971731130830027163e+07 3.235552292360503972e+07 1.269074368252679519e+07 3.129091382091731578e+07 1.483020546471578255e+07 1.441660335379891098e+08 6.685302333222389221e+06 1.562612306247393787e+07 2.341821008435162902e+07 1.594534180138190277e+07
6.932587336835840344e+07 1.750100104303126037e+07 1.736183877802382037e+07 2.566904671450070664e+07 4.246401172653546929e+07 8.008464969624048471e+07 3.446439525010915101e+07 1.829388462058579922e+07 1.718319379544098675e+07 3.300533134287246689e+07
5.923708428969069570e+07 3.031886076549994573e+07 1.712131440030743182e+07 1.721016718410552293e+07 6.524950201967632025e+07 1.030403226689166129e+08 4.401835106658667326e+07 8.814908419656120241e+06 1.837007877828254551e+07 8.429570100149972364e+06
2.364400605861705542e+07 4.698489409677952528e+07 1.919529231921092421e+07 2.277405994522402436e+07 2.329511158537006378e+07 1.360814685841473639e+08 2.281667323404747620e+07 2.401575780203090981e+07 1.588732324216953665e+07 5.398336465611716732e+06
4.921041868571493775e+07 5.549258167070370167e+07 2.909058926160919666e+07 2.122880348673830740e+06 3.753150675571051240e+07 1.694650972107837796e+08 4.193337970147586614e+07 3.764087222841060162e+07 1.926212821831265092e+07 5.400429460586167872e+07
8.697271007610334456e+07 4.278199246258880943e+07 1.635808116377391852e+07 1.597896327959295548e+07 6.785983512947326899e+07 1.413066977002536356e+08 1.043639863764840737e+07 4.472750131466206908e+07 1.169790435390058719e+07 2.702623450372231752e+07
3.011744774612155184e+07 1.264143682871322520e+07 2.205901212517431006e+07 4.720946468338293955e+06 4.575514018201877922e+07 1.250031304023041129e+08 4.346346362384685874e+07 1.019611510928670131e+07 3.921703285278449953e+07 2.972682718403475359e+07
1.277565375222760439e+08 4.834176266285339743e+07 2.346107561954166368e+07 8.483699613479210436e+07 9.707097214726867154e+06 1.126814026586987823e+08 1.349951926539883390e+07 2.810019080179243162e+07 2.182219694461139664e+07 2.092934034152039140e+07
3.634875136304778606e+07 9.120328929004293680e+07 3.940118022489065677e+07 1.339803278491672315e+07 3.216966276334469020e+07 1.407434491883929670e+08 2.579307492163250223e+07 3.106966340088276565e+07 6.905958615673462860e+06 3.839407371467670053e+07
1.854570526947830617e+08 8.407253982060013711e+07 2.513760761382906139e+07 2.541919860159965605e+07 1.886068176769371703e+07 1.797634415426731110e+08 2.244454554440709576e+07 8.904254876439863816e+06 3.766579349738761038e+07 1.898370567352907360e+07
7.625220254671765864e+07 6.727378098497450352e+07 2.634728410587872565e+07 5.130362910853221267e+07 1.444408990598191135e+07 2.125439722369242609e+08 2.310976238550907746e+07 2.239333373616834730e+07 2.184127136091123521e+07 9.049694628932965919e+06
8.819769602734179795e+07 6.982048172441893816e+07 3.743234001249464601e+07 4.336320071056377888e+07 1.944362498884681612e+07 2.302912731387958825e+08 3.548210834435084462e+07 2.944146717910321429e+07 1.672936187668027915e+07 4.189446281959126890e+07
1.080153797425798625e+08 1.478025520003003813e+07 1.248497287611936219e+07 3.514677177681116015e+07 7.018450692246272229e+06 9.435617223558227718e+07 3.252434721685336530e+07 4.015144302290616930e+07 3.458804988605515659e+07 5.115625211051484942e+07
1.263087089173590094e+08 7.266162166163742542e+07 2.261520127832617611e+07 6.415787673467354476e+07 6.194141003895154595e+07 2.717136536353614330e+08 3.830533641481418163e+07 1.823380595190009475e+07 3.157201613033336774e+07 2.577364109012129158e+07
2.184150454032642245e+08 9.937775022375978529e+07 5.755534609940940142e+07 7.580193957829402387e+07 2.623752357687916979e+07 2.730781454574140906e+08 2.387149144944941625e+07 5.557867587892374024e+06 1.238573555730373785e+07 2.913942244032323360e+07
1.589875468964481950e+08 5.889422907732660323e+07 4.529311124544671178e+07 6.280941978147858381e+07 8.822453928718091547e+07 2.241693596291840374e+08 1.537189839087946154e+07 4.732853471137032658e+07 3.437103014070800692e+07 2.111193537018908188e+07
1.678596863466267586e+08 2.755483064479093254e+07 7.363237487695057690e+07 3.218603214181343466e+07 5.924797524558204412e+07 1.669636465536311269e+08 3.006495872861638665e+07 8.066934740033024549e+07 3.981633952600463480e+07 7.445246567382960021e+07
1.246834377519340962e+08 1.422427682331158593e+07 5.274022829926756024e+07 1.114449927215377092e+08 1.923162297940802202e+07 3.871171239465087652e+08 4.352501297771604359e+07 4.792025489122577757e+07 3.013360651915973052e+07 4.574804190906578302e+07
2.241611598674957454e+08 5.056967805936981738e+07 4.491723454687675461e+06 3.565681365225815773e+07 3.666364856242319196e+07 3.939141946732910872e+08 3.586576324743979424e+07 4.277791423720690608e+07 8.127230462312881835e+06 6.489519663152668625e+07
2.410747632243919671e+08 6.510007639998300001e+06 4.080397685283789784e+07 4.293086297797563672e+07 1.083241654831990749e+08 3.889032632596792579e+08 2.602365569856303558e+07 4.212409452132268995e+07 1.822964955052888393e+07 4.348234173270400614e+07
1.609524845862020850e+08 3.814845210978779942e+07 1.028649055696420074e+08 4.872669455224427581e+07 4.008983060300832987e+07 4.130881403505584002e+08 3.027368119961027056e+07 2.312511896745480224e+07 2.583054045338770747e+07 4.280747333158577979e+07
9.846255268880671263e+07 2.247072625180860236e+07 8.868137078960227966e+07 1.350829348743786514e+08 3.946553176371535659e+07 4.555489906850930452e+08 4.706851282577783614e+07 7.085956773753488064e+07 1.576792625751905330e+07 6.835792714643935859e+07
2.608987912743424177e+08 5.020113950877541304e+07 6.040385441709938645e+07 3.809028169591064751e+07 2.434304663264366984e+07 3.359396280987274051e+08 4.614361866866308451e+07 5.955365158144466579e+07 4.087904746180318296e+07 2.280930111293546855e+07
2.549525905606863499e+08 6.080301032439967990e+07 9.294928610368937254e+07 8.018099300192861259e+07 6.150940667191470414e+07 4.204263641735681891e+08 8.069398618783769011e+07 6.819023104930225015e+07 1.411774817440743372e+07 1.198304788955600411e+08
2.345860441863203347e+08 5.011468008661255985e+07 2.464432339823809266e+07 3.872607420815470815e+07 9.010974340402542055e+07 3.606237878089990020e+08 2.916132256361367926e+07 5.264311774765910953e+07 1.488831905836920626e+07 6.458373654417516291e+07
4.288781774789822698e+08 3.365383191096886247e+07 9.450735862176539004e+07 6.742275972272387147e+07 8.661705677334949374e+07 5.847471630621759892e+08 1.773626221930332109e+07 4.554467815723739564e+07 5.266173115822933614e+07 2.334030665373851359e+07
2.021792706831687987e+08 4.842035980347085744e+07 4.122051746362285316e+07 2.725082106283269078e+07 6.836869986151760817e+07 6.126601218658926487e+08 8.970087719874003530e+07 2.966271342695140466e+07 2.088099195278198272e+07 6.001674281713160127e+07
4.594010641991524696e+08 1.070339935354521126e+08 5.507413013063319772e+07 1.454254397112313509e+08 7.831580782526457310e+07 7.454058189973278046e+08 3.411480278612178564e+07 2.905276990948821232e+07 1.088085215305391401e+08 6.519554614169314504e+07
5.472898668810665607e+08 4.137840247151858360e+07 5.278629172705131583e+06 1.128617141423530728e+08 9.988669256204649806e+07 5.425553112374876738e+08 5.129606523532588035e+07 1.208266033633833379e+07 3.107157773790756613e+07 3.991510121274688095e+07
3.151892996040475368e+08 3.866159672967480868e+07 1.624291569563351572e+07 1.136447389205012619e+08 3.726411762018661946e+07 5.133475426771989465e+08 6.974713504935295321e+06 5.075611866695015877e+07 3.156089667202500626e+07 2.978445403627974167e+07
4.407635966265154481e+08 4.958564478683666140e+07 7.360540104356756434e+06 5.657652347271245718e+07 8.782121825020408630e+07 5.433031194041968584e+08 4.690500797899314202e+06 3.789435655092711002e+07 5.734390332738918066e+07 5.762148547313132323e+06
4.362778755474302769e+08 6.607396252765929699e+07 3.125839327620412037e+07 8.645223694349628687e+07 4.118035553914825618e+07 8.069794642568949461e+08 1.801890346314422786e+07 3.585558069059102982e+07 6.301535059437661618e+07 8.625273695917220414e+07
6.681850906828874350e+08 3.535994284389975667e+07 4.679228497193597257e+07 4.613607592445659637e+07 3.550493418116224557e+07 7.651058243060420752e+08 3.350368069366359711e+07 5.669863808404146135e+07 1.600621115786905773e+07 3.412831000353507698e+07
3.563014253257222772e+08 4.584264875125469267e+07 8.637587503467343748e+07 1.513973187118228525e+07 3.361513463426872343e+07 5.020116414824128747e+08 4.273500893597636372e+07 4.587262612679342926e+07 2.543707055320674181e+07 9.321967412447325885e+06
3.786049026413705945e+08 6.022354997031623498e+06 1.454017595257974975e+07 5.622607113248812966e+06 2.577908424756515771e+07 1.033084798347844124e+09 2.587599008209551498e+07 2.902510250991779566e+07 2.567187824465354159e+07 3.693692643499943614e+07
8.249425678808151484e+08 3.606169804112204909e+07 2.110995887719618902e+07 2.396075281059604511e+07 1.470480915710336715e+07 1.295189213193675756e+09 1.215287146581509523e+07 5.369514611402845941e+06 3.258050744159002230e+07 1.588905218434524164e+07
8.878505390641978979e+08 4.715381956470119208e+07 1.012931804445475712e+07 1.482017696691030636e+07 4.000308665846968442e+07 1.237088064690844536e+09 9.781020447679197416e+06 1.965475948958823830e+07 1.308980837854335643e+07 1.676940889259507135e+07
4.704535518673647642e+08 4.159484668091520667e+07 9.532278033014878631e+06 1.323711577760875411e+07 1.269300729533300549e+07 7.959138839490264654e+08 1.596583875546407327e+07 2.438144122927097231e+07 2.953091437937916815e+07 3.321960554822936654e+07
9.071852978262311220e+08 2.563487593649627641e+07 2.191979031096787006e+07 1.358153858988325857e+07 8.378147455275209621e+06 8.314731641443297863e+08 1.206952125051100738e+07 1.146202322347746789e+07 2.097641944772086665e+07 9.475804730650937185e+06
2.980470029208949208e+08 3.409508203796344250e+07 1.793887449824993685e+07 8.573691416104100645e+06 6.823728783982106484e+06 7.572412157963216305e+08 1.988391394683670625e+07 2.142902578831368685e+07 7.546048958304645494e+06 1.522668578208660893e+07
1.152036017294403762e+08 2.185595307467202470e+07 3.423909271493564546e+07 1.058748317163014971e+07 2.177011721509638801e+07 2.118522870741365671e+09 2.170835663770278916e+07 1.113824471841584146e+07 8.167418397803080268e+06 6.624053486632331274e+06
