2.130552784397400450e+06 2.212011220754228067e+06 2.726285173317766283e+06 3.335337421102193650e+06 3.766940009190194774e+06 4.056971686054685619e+06 4.223449312141229399e+06 4.027856307508676313e+06 3.362046840549296699e+06 2.574396157673452981e+06
1.902713805162424454e+06 1.985268879970176145e+06 2.574320190205066931e+06 3.269425690791219007e+06 3.730668389580156188e+06 4.049653225822060835e+06 4.283232485108045861e+06 4.101858904735174030e+06 3.330311319735544268e+06 2.407847136820726562e+06
1.648360182346078800e+06 1.709919830168666318e+06 2.355582272027822677e+06 3.135245197555711959e+06 3.609346116265928838e+06 3.950179935525495093e+06 4.274616273401819170e+06 4.130009188827363774e+06 3.247478269768479280e+06 2.190577035550981294e+06
1.440713382950635860e+06 1.430395930902705761e+06 2.072693231457961258e+06 2.927099747308112681e+06 3.387476845479009207e+06 3.737470161062174011e+06 4.183556022687782533e+06 4.108039878844754305e+06 3.114543152235884219e+06 1.946870744780365145e+06
1.414436337915538810e+06 1.253639488979482790e+06 1.738388381313488353e+06 2.643199630418844521e+06 3.050761051586781163e+06 3.389731090586137027e+06 3.996688698158494662e+06 4.034822776709747966e+06 2.938637335122879595e+06 1.731190049672293942e+06
1.670964376274613664e+06 1.332434829072387889e+06 1.383960332009647042e+06 2.287407947765398771e+06 2.587870726824847516e+06 2.886002071387827862e+06 3.702752545132170897e+06 3.913755449729502667e+06 2.735239922641218174e+06 1.635452000123797683e+06
2.152473879459274467e+06 1.690518632571837399e+06 1.077019496385162463e+06 1.871023345201842720e+06 1.992806202409306075e+06 2.208458770093455911e+06 3.294462702926164493e+06 3.754150896340726875e+06 2.529802065174310002e+06 1.744789162237624405e+06
2.726894738024362363e+06 2.197358785376667045e+06 9.355487762522147968e+05 1.414233391743925866e+06 1.267965602894666605e+06 1.345643203646727139e+06 2.770850197969658300e+06 3.572333671362717636e+06 2.356752974756538402e+06 2.047725128700391622e+06
3.269598122115656268e+06 2.718160368979218882e+06 1.026363007137601846e+06 9.466084883312599268e+05 4.305004592714884202e+05 2.967780181417808053e+05 2.140077420938161202e+06 3.391990833003266249e+06 2.252530730115469079e+06 2.442850747856549453e+06
3.661359261883994564e+06 3.142929124430216383e+06 1.234655573530953843e+06 5.056455763446898782e+05 5.163742782182351802e+05 9.231621110432695132e+05 1.423230193137319759e+06 3.243221406408448704e+06 2.242191677633105777e+06 2.811855744775391649e+06
3.779500161603213288e+06 3.372462630110988393e+06 1.409304522188012023e+06 1.341622913668801484e+05 1.487444038701986661e+06 2.276549819253508002e+06 6.667452293648027116e+05 3.159830570279356092e+06 2.330052152258458547e+06 3.048862416473815218e+06
3.501556531779574230e+06 3.317899605227979831e+06 1.457626393309097504e+06 1.661551343455891183e+05 2.441206605119495187e+06 3.697262318896663841e+06 3.052268543410187121e+05 3.174820721115431748e+06 2.508251572893108707e+06 3.067818936190864071e+06
2.721097471842439380e+06 2.915474488789848518e+06 1.340833824979559053e+06 3.797638820873433142e+05 3.292361859480974730e+06 5.084175265315285884e+06 9.601448528696673457e+05 3.314345137849338818e+06 2.776551590294775087e+06 2.822650292032825761e+06
1.374898175934770145e+06 2.163146646863268223e+06 1.088223187908703927e+06 6.237200589663379360e+05 3.945311037021177821e+06 6.297535508480149321e+06 1.586703226094638230e+06 3.589988679723764304e+06 3.150104633500589523e+06 2.368316586614537984e+06
5.227382539159065345e+05 1.270881616421107436e+06 8.662402613766767317e+05 1.007793242514685611e+06 4.302049666931448504e+06 7.160052153467116877e+06 2.047485980175748002e+06 3.989271061323275324e+06 3.643994969029786065e+06 2.028616365565325599e+06
2.830202073207473848e+06 1.371319613910242449e+06 9.797631583714650478e+05 1.537919124558354728e+06 4.278352013639767654e+06 7.466532449492271058e+06 2.289230009104216937e+06 4.467040316718707792e+06 4.249067246906978078e+06 2.419757191821166780e+06
5.258353714803718030e+06 2.628781142081642989e+06 1.375626477566923248e+06 2.115176310929937754e+06 3.825843999143097550e+06 7.007521288682279177e+06 2.299393296237427276e+06 4.944248673647717573e+06 4.926136830315501429e+06 3.508606880005700514e+06
7.348307881254844368e+06 3.917043501186235808e+06 1.795302347186444793e+06 2.585374741827485152e+06 2.957803437387816608e+06 5.618964694513025694e+06 2.125843289566216525e+06 5.321173262501808815e+06 5.629230977100597695e+06 4.717516255769805983e+06
8.516758674129988998e+06 4.811166381694279611e+06 2.222674227687439881e+06 2.789565257295195945e+06 1.779358059273769613e+06 3.335275666448859498e+06 1.893895546894402476e+06 5.507857587450167164e+06 6.339528686664354056e+06 5.582932423612954095e+06
8.174626192583261058e+06 5.183343242755446583e+06 2.889146258948172443e+06 2.646967728603310417e+06 6.434739593247656012e+05 2.101158421218137257e+06 1.774583735838671913e+06 5.463209831765588373e+06 7.068165348859150894e+06 5.793290746768463403e+06
5.958595021112300456e+06 5.323326469192192890e+06 3.973310952927034814e+06 2.308172643235851545e+06 1.149323799113316927e+06 5.610102286073782481e+06 1.843128090672480175e+06 5.211998955216680653e+06 7.788587475931334309e+06 5.274992985174618661e+06
2.407739358723425306e+06 5.952507237675764598e+06 5.283399662698619999e+06 2.302296038163733669e+06 2.077502670022798004e+06 1.010847967818172649e+07 2.006539935078219976e+06 4.792313987425098196e+06 8.331919622179286554e+06 4.417804979341051541e+06
4.358868748145391233e+06 7.383996972557637841e+06 6.370400402747204527e+06 2.914678866506621707e+06 2.596677475002480671e+06 1.411434893796885945e+07 2.153044578981694765e+06 4.153365494368602056e+06 8.370305871120117605e+06 4.209449668551950715e+06
8.999337452929463238e+06 8.965591503450244665e+06 6.816159849640619010e+06 3.579685885412365664e+06 2.678462756048868410e+06 1.649849107893274911e+07 2.189791536902128719e+06 3.231883016222995706e+06 7.574008480565675534e+06 5.023721876473646611e+06
1.132540250709088519e+07 9.925670041904293001e+06 6.499788711959315464e+06 3.771957861737037543e+06 2.443180053853978403e+06 1.618767974156272598e+07 1.905330077656423440e+06 2.679438143893771339e+06 5.903258226094246842e+06 5.790622459896447137e+06
9.605923886902524158e+06 1.013343125431601144e+07 5.675338390707789920e+06 3.517118753047618549e+06 1.890544590944099007e+06 1.250889758719108254e+07 1.079958831393617904e+06 3.982320834510035813e+06 3.983432923280381598e+06 5.657661800369140692e+06
5.515070910393396392e+06 1.007270623958624899e+07 4.607140475742630661e+06 3.335357715537664946e+06 1.167793271914428333e+06 5.746180609146038070e+06 1.733590386785800802e+06 6.057152765900341794e+06 3.421227188250899781e+06 4.647839664874359965e+06
9.694767863534973934e+06 9.815376569140359759e+06 3.293257199402939063e+06 3.333241990707471967e+06 2.745797422990603838e+06 3.611567030167052522e+06 4.517928543254058808e+06 7.175639344687370583e+06 4.539730655736597255e+06 3.447165462339006830e+06
1.568681097182492912e+07 8.507734154709834605e+06 2.891355471325018909e+06 2.860842608411605004e+06 5.985210681396804750e+06 1.074269419377382658e+07 7.262724187492474914e+06 6.509802841911565512e+06 5.821487256998515688e+06 2.627967191398908850e+06
1.518628733351148106e+07 5.740208758109623566e+06 4.663499019998543896e+06 1.723046313550397288e+06 9.186088733878621832e+06 1.334294977871811949e+07 8.333554535701393150e+06 4.653367797004690394e+06 6.733096133672713302e+06 2.114521406320545822e+06
1.068182593285295554e+07 2.803879893952341750e+06 6.135256385094086640e+06 8.927067095102204476e+05 1.108791807982523553e+07 8.781281925270536914e+06 6.738922973581509665e+06 3.969131235161896795e+06 7.341672173726190813e+06 2.010417436377918348e+06
1.592130287075222842e+07 2.947442214932584204e+06 6.227096016834791750e+06 2.215856425497405697e+06 1.138979764748263359e+07 8.090723383210037835e+06 5.039305073279715143e+06 5.601032562932359986e+06 8.805782168159745634e+06 3.691043136707773898e+06
1.758956654376839101e+07 4.774848024833965115e+06 5.940712221606691368e+06 4.067219182803769596e+06 1.124865274272239022e+07 2.262673963394875452e+07 8.030553701364246197e+06 8.205369454080924392e+06 1.164370183856247738e+07 7.347879448487384245e+06
5.327844895375431515e+06 4.438733865447238088e+06 6.522017326075270772e+06 4.775285885271098465e+06 1.132643469926694967e+07 3.193701995291817561e+07 9.705080549201060086e+06 9.841335427852043882e+06 1.302135435368819535e+07 1.034986091422946937e+07
1.689448761463364586e+07 3.459325304161516018e+06 7.306020567832404748e+06 4.452497882722983137e+06 1.008769252093435824e+07 2.638468990434642136e+07 6.643099466854856350e+06 8.153162792054907419e+06 9.944883243182655424e+06 9.921632059195403010e+06
1.841915651823547482e+07 9.547115923490537331e+06 7.131633054519360885e+06 4.993443707497618161e+06 5.986768046168431640e+06 8.116944618630634621e+06 2.440447922763680574e+06 3.893883060052221641e+06 5.709140895859837532e+06 6.579476871289349161e+06
7.238889698052563705e+06 1.226734383806072921e+07 7.611648455079380423e+06 4.447271477239543572e+06 9.584583432751619257e+05 2.184743611687773094e+07 3.780397109646325931e+06 3.518580578427721281e+06 8.264745975411424413e+06 5.968813046382850967e+06
3.074400896455230191e+07 8.539702560247801244e+06 8.614811107917850837e+06 4.591683020736281760e+06 7.355613412130964920e+06 2.771962246331417561e+07 5.518198933862465434e+06 8.295361262285364792e+06 7.414652263481334783e+06 8.932779664270242676e+06
1.336148734611914679e+07 6.141500151933059096e+06 8.329465725542944856e+06 5.146601572616752237e+06 7.479684119314170443e+06 1.049400284891676530e+07 5.219260290769199841e+06 1.418898382771248743e+07 6.613865057920197025e+06 1.013454685021121986e+07
2.500342526749673486e+07 1.079857795373897254e+07 6.119005928029717878e+06 4.617493038850513287e+06 3.415301442689279094e+06 2.865440263746811077e+07 5.800220348311675712e+06 1.386705256622363813e+07 8.808830060133948922e+06 9.001210141357321292e+06
1.731134299817876890e+07 8.516886384563369676e+06 6.981584280258527957e+06 7.261807522032536566e+06 9.965840194352205843e+06 2.853547422509606928e+07 1.470224307021922246e+07 9.708224268428724259e+06 7.860789371853327379e+06 1.499989154146052524e+07
2.163283196208223328e+07 1.805297715137383901e+06 9.724784820314511657e+06 8.062650296901380643e+06 8.609608361193582416e+06 1.306774908870305307e+07 1.353719879431099445e+07 1.002098174964246899e+07 9.622574155184520409e+06 1.069348207207922265e+07
1.152444632095667347e+07 3.510054091634612530e+06 4.128129077007566113e+06 8.226381340005309321e+06 5.029973222846717574e+06 3.758108096033162624e+07 1.148131024336821772e+07 8.061198511092971079e+06 8.352788624797048047e+06 4.739604365637450479e+06
5.146474534397759289e+07 8.621978733099978417e+06 6.919703704912394285e+06 5.715831369008468464e+06 6.002689668673581444e+06 7.973359736042289063e+06 1.761994110079911351e+07 7.706564196289598942e+06 8.866457107609989122e+06 7.026659075655862689e+06
9.776072587642798200e+06 1.137167714806144871e+07 8.175325397716610692e+06 9.048173086867826059e+06 7.100758816620108671e+06 4.781943853658653796e+07 1.246702726924428903e+07 8.590659144486503676e+06 1.391664629247758351e+07 5.504416896980978549e+06
2.774713049345174059e+07 1.050887432854150794e+07 1.314127108145284280e+07 6.588645485542111099e+06 1.081493646783012711e+07 9.714506662966551259e+06 3.269033548039585352e+06 2.954036344918054994e+06 1.162339870188125409e+07 1.166086994412380457e+07
3.151979836048245057e+07 8.356489573074976914e+06 1.961181209345617518e+07 5.946915784287773073e+06 8.777451951051643118e+06 4.773268127736543119e+07 5.987267171303680167e+06 3.610227635803726967e+06 1.328610352699350007e+07 1.696334653895607591e+07
3.894123777285096794e+07 5.197815498877366073e+06 1.038981678098376840e+07 1.543729257796531916e+07 1.413146293907618336e+07 1.858302297868503630e+07 5.351412691671270877e+06 5.557499809535433538e+06 1.677433759002740495e+07 1.333330770058877766e+07
1.015150060454911925e+07 2.684144559499043506e+06 9.259878492430076003e+06 1.406143984037714638e+07 2.119322654081980512e+07 4.977425786842156947e+07 1.717533656807458773e+07 1.230553066002368741e+07 9.721310816594524309e+06 9.393485378460168839e+06
1.265142884584753960e+07 5.370762321993731894e+05 1.280445378028245829e+07 4.341440926586570218e+06 9.284270084861615673e+06 4.500770430878359079e+07 1.095255937568555959e+07 1.625929971150855720e+07 1.213064612912889570e+07 3.513317046734095085e+06
2.410375895797785744e+07 6.005645318700265139e+06 8.298947156330320053e+06 1.702704747321376950e+07 1.421673039805056155e+07 3.319557746308823582e+06 2.773548503325035423e+07 1.937335999974948540e+07 2.035709682174963504e+07 1.012864711757450737e+07
6.158521645770131797e+07 6.320858429646263830e+06 7.030177416572575457e+06 1.654520182859793119e+07 1.267577107220543176e+07 4.764655112547777593e+07 2.107396108670323715e+07 1.757906591602553055e+07 2.474059883493093774e+07 1.395199111920568859e+06
6.144234038348843902e+07 1.323145975915070809e+07 2.394026750763367396e+06 6.763452299071936868e+06 1.357938278305218369e+07 8.722595213608659804e+07 4.473067844280958176e+06 2.053372229703408852e+07 3.218253398942493647e+07 2.382573087049782276e+07
5.850787639702907205e+07 2.045721106277747080e+07 5.579011569654094055e+06 1.965370983017999306e+07 1.464071267901662365e+07 6.910358338694711030e+07 2.243468194625450298e+07 1.857444588245802000e+07 2.491446065879039466e+07 1.967853971648298949e+07
3.065144076329398528e+07 8.236125393939106725e+06 7.096176750138974749e+06 3.130844900192581490e+07 1.230038109859697148e+07 1.328522239531928860e+07 3.555153457797142863e+07 2.366486937058848515e+07 2.816581152603099123e+07 1.698145443229537830e+07
2.326669019616162404e+07 2.440701941740093753e+07 1.935303687801709771e+07 1.274161589769710787e+07 1.195676968944468908e+07 3.328902526052851975e+07 2.502052695816461369e+07 1.262613890460290201e+07 1.951698941936613619e+07 2.807315451164974645e+07
5.028487396244920790e+07 1.266389408611629903e+07 3.125017927555743232e+07 2.170278278386657685e+07 2.504116784410668164e+07 2.487191060013606027e+07 1.254909994532548822e+07 8.049995196615760215e+06 1.834110946739555523e+07 1.805110543901512772e+07
6.597496727272603661e+07 1.435624741570108384e+07 2.675593505204768851e+07 1.557136311203952879e+07 2.296063342372125015e+07 1.149893042332750373e+07 4.497241208813515306e+07 5.997722190298960544e+06 1.178347789707840979e+07 7.623776316270404495e+06
2.657677607666045055e+07 1.362591292357367836e+07 1.790543669822068512e+07 2.648099683099244162e+07 4.468892761401140131e+06 2.876848533915224671e+07 2.177051579073289409e+07 1.823357703218178079e+07 1.780246911642709002e+07 3.131675768853252009e+07
9.861975869593545794e+07 1.936405638002306223e+07 6.906309953173635527e+06 4.144043290684548020e+07 6.464563359265685081e+06 7.714565142769075930e+07 3.673321292781764269e+07 3.165358106691431627e+07 1.878055204548788071e+07 2.793671154621293396e+07
5.721665350540470332e+07 2.006917184141376987e+07 2.746854929534618556e+07 2.178108220643018931e+07 2.052734517511296645e+07 1.003601468948289454e+08 2.515236215575243905e+07 2.650263831776751950e+07 5.308473942778994888e+07 1.129434460023267940e+07
7.674022820131509006e+07 6.707882705596346408e+06 8.286687060952794738e+06 3.515236811094559729e+07 3.653530710971452296e+06 1.212543098194378912e+08 4.045707988512898982e+07 3.550518349258311838e+07 5.091161726932936162e+07 1.809097124362747371e+07
1.050313315210756510e+08 1.960982255375930667e+07 1.813961182949380577e+07 2.110233076450096816e+07 1.980279575562516227e+07 4.275543339028481394e+07 1.852910286240881309e+07 3.948198159911315143e+07 3.543909013973058760e+07 2.822185468210350722e+07
1.131051927753103226e+08 8.432931091349838302e+06 2.828110123097158037e+06 5.174159021821821108e+06 9.045923904537761584e+06 9.501980997552226484e+07 2.518388469347963482e+07 3.868814897208315134e+07 3.674681234015272558e+07 3.426113344600778818e+07
1.188277982459109277e+08 1.227170389998818934e+07 1.765025248708231002e+07 2.382203534346718714e+07 1.159138587244295888e+07 3.035330822936495021e+07 1.432956368948865868e+07 4.328416616139563918e+07 5.367835837745361030e+07 4.714638962908118963e+07
1.418412093208831251e+08 1.348239012259547412e+07 4.170328874332805630e+06 5.233604433269752562e+07 1.885105375356915221e+07 1.564639812474408746e+08 4.194984702726141363e+07 5.286070573910488188e+07 7.984473311494319141e+07 3.117997393313444406e+07
1.013534634092533290e+08 3.649553167444950342e+07 1.575213684875814803e+07 5.184789614815760404e+07 9.924734771947752684e+06 7.550069945106922090e+07 4.691026845119860023e+07 4.009382281355354935e+07 2.659935970757042244e+07 1.728417757876401767e+07
1.801761478008896112e+07 2.950227782285350934e+07 2.970879097900362313e+07 4.762638778850542009e+07 1.018365438093454763e+07 6.866624936960344017e+07 4.203199267143737525e+07 5.445928442093577236e+07 2.726393849807343632e+07 5.543795629493619315e+06
1.798099101955341697e+08 2.033163963379367813e+07 3.151232540760741383e+07 3.778715436668554693e+07 3.710444764986106008e+07 5.259200188714264333e+07 2.182356311703656986e+07 1.853010189530888945e+07 2.109979841252323985e+07 1.294210937021264061e+07
1.000938479290630370e+08 8.947137565034866333e+06 2.220858814748989046e+07 3.312525888084862754e+07 2.408343388044216856e+07 1.178639347630317658e+08 6.859145833698511124e+07 3.475770906718939543e+07 3.601925777190005779e+07 2.505491074816159159e+07
3.395721416298250109e+07 1.932521074874672666e+07 5.322889968749798089e+07 5.840677028382981569e+07 1.869421726331928745e+07 9.442223020774632692e+06 4.494295931292467564e+07 1.457235792309881933e+07 3.337820019205527008e+07 4.837764502012246102e+07
1.027517175065865926e+07 2.286843843762353808e+07 1.761306684026454762e+07 7.948976208829396404e+06 3.443080662167946249e+07 2.116484333648790419e+08 6.314806424027010053e+07 2.279091135224493220e+07 8.761687193948411942e+07 1.740981088747337833e+07
1.042188254689524025e+08 3.094216129675718024e+07 2.373637487264480069e+07 2.450939104109470174e+07 5.194658734381766617e+07 1.901005400062780082e+08 5.236797661391643435e+07 5.539143044994781911e+07 9.545057111825434864e+07 4.336493051391237229e+07
2.467033451611835957e+08 1.958854912756182253e+07 2.214854420270233601e+07 4.358123307654388249e+06 4.813432038106544316e+07 1.542491982092325091e+08 7.784934918781137466e+07 3.822375264089311659e+07 6.938101901175659895e+07 4.084139222510376573e+07
5.875635337265449762e+07 2.789856862481020764e+07 2.374202179845575616e+07 2.345145204098725691e+07 4.056719306399388611e+07 8.208176596588203311e+07 3.058893718287970871e+07 2.933972408277814090e+07 1.325642830245834962e+07 4.732185407266271859e+07
1.652472729544230700e+08 2.432548352271996066e+07 5.352874613488249481e+07 2.689627623121320829e+07 3.421560487659838051e+07 2.555480958608664274e+08 1.479625901862589642e+07 1.123295611059026271e+08 8.960097324194822460e+06 5.482609465252430737e+07
2.187458272922037244e+08 7.836176008281588554e+06 2.097302205731379986e+07 2.431032076437908784e+07 2.892062230477283522e+07 2.893797849743189216e+08 2.904365713546388224e+07 1.821634636126190424e+07 5.660825758679057658e+07 3.984458270438073575e+07
3.862686765375852585e+07 2.004673623769900948e+07 2.245058559500035644e+07 2.806842674699216336e+07 2.542325303195382655e+07 8.388537715938192606e+07 3.628827006477733701e+07 4.390666838120114058e+07 1.823970842053217813e+07 3.609329430055199564e+07
3.743879305593621731e+08 3.774239250235393643e+07 3.843637787929461896e+07 5.548905707333233953e+07 4.589324078947021067e+07 3.227919042612779140e+08 1.201292579021875001e+07 4.408452223732513934e+07 1.834547204492853256e+06 4.459206608981810510e+07
1.402823308467407525e+08 5.848188802783478983e+06 4.943016287307241559e+07 7.832199018947690725e+06 1.182861473278051801e+07 1.520115500361445844e+08 1.688661091918888316e+07 7.952190085592351854e+07 1.186777725731632672e+07 3.569538741867623758e+06
1.752187991159075499e+08 2.041924645954717323e+07 3.340992581548979878e+07 3.324564627201815695e+07 3.656951000669669360e+07 4.136552369549980164e+08 3.575458604371740669e+07 3.773329271038313210e+07 4.978738203879440576e+07 2.174119353330609202e+07
4.449418291997912526e+08 8.353706320106344298e+06 2.180193007682986930e+07 4.132600922402965277e+07 3.666047405341376364e+07 4.064246011543087959e+08 2.101091450528456271e+07 6.420013472490900196e+06 2.174997458165176213e+07 3.121362017308556661e+07
9.253288641391265392e+07 2.479577881629904732e+07 1.070566129029594921e+07 1.729602358091490716e+07 8.304482784333797172e+06 5.509313263418158144e+07 1.834175861245701835e+07 3.459498750199640542e+07 1.265829869088187627e+07 3.747949351921190321e+07
5.292136491352349520e+07 1.272074932667699456e+07 5.985675747200636193e+06 1.651425114407763630e+07 3.132018310425728187e+07 6.587829453683443069e+08 7.098485911891150288e+06 2.206031617612088099e+07 1.399125833902093954e+07 7.300273085686339065e+06
