5.120297401078354567e+06 6.162245343079268932e+06 6.949104921379460022e+06 6.284028659898363985e+06 4.537564666906937957e+06 3.274790080230568070e+06 3.314894216896519996e+06 4.172568077516441699e+06 4.798370166331887245e+06 4.837780280123091303e+06
4.422865489745087922e+06 5.764479115721319802e+06 6.826479254706569947e+06 6.015072335780479014e+06 3.815094437257968355e+06 2.309094660028102808e+06 2.440375964512270875e+06 3.554672240515159443e+06 4.300127252715303563e+06 4.191148497164522298e+06
3.465963462565739173e+06 5.209524341535288841e+06 6.614873753197913058e+06 5.617389051478187554e+06 2.844679630190881900e+06 1.163579617426759098e+06 1.383184461310674436e+06 2.768480203990442678e+06 3.658550348066930659e+06 3.317732536945068277e+06
2.281456751974115148e+06 4.558126159201284871e+06 6.348120892540996894e+06 5.108213715588259511e+06 1.607821878901846241e+06 1.070272611780013889e+06 7.739409440583930118e+05 1.823332053567708470e+06 2.899651239059193991e+06 2.211553245529690757e+06
1.341710621805057628e+06 4.002488391022526659e+06 6.096002016340197995e+06 4.536833976420402527e+06 1.769416805683035636e+05 2.800555641482562758e+06 2.041558701579656219e+06 7.515475439679523697e+05 2.103157285235917661e+06 9.513892793197279098e+05
2.358842795060383622e+06 3.956713385626624804e+06 5.971162055604263209e+06 4.004768385368535295e+06 1.705757487800040515e+06 5.005461339183937758e+06 3.853504123708930332e+06 4.648832308677805122e+05 1.505458746864244342e+06 1.061615691676830174e+06
4.598962817830076441e+06 4.826208367574356496e+06 6.109798709609595127e+06 3.676597000510858372e+06 3.713153032145098783e+06 7.490595160328415222e+06 5.856968569803918712e+06 1.626356740913443733e+06 1.567427285307401326e+06 2.765417434350139927e+06
7.307307543149662204e+06 6.554262110791304149e+06 6.609587547661699355e+06 3.716156219398175832e+06 5.882419236941359937e+06 1.013666090663598105e+07 7.917695190653697588e+06 2.718078937306952663e+06 2.209025072203372605e+06 4.681032926953436807e+06
1.029348598392331786e+07 8.846501433916665614e+06 7.465912742772608995e+06 4.130577511528038420e+06 8.102150855749401264e+06 1.278020332402543910e+07 9.879693213822176680e+06 3.598175880466515198e+06 2.931554499846457038e+06 6.620151019560891204e+06
1.338756269317889027e+07 1.144834904974095710e+07 8.573564095865784213e+06 4.740533476454154588e+06 1.021951632554402761e+07 1.519447307161540352e+07 1.154725809193737060e+07 4.123204707447774708e+06 3.462437664385159500e+06 8.417463256104214117e+06
1.636743228070999496e+07 1.413646288272229582e+07 9.776363998190918937e+06 5.317137672691819258e+06 1.204104481752960756e+07 1.708487011519204080e+07 1.268959839478796534e+07 4.152384457189616282e+06 3.671402891786594875e+06 9.877233947979770601e+06
1.894609235137651116e+07 1.667631698720221035e+07 1.090818619053316116e+07 5.671970185329623520e+06 1.334361780984227173e+07 1.809739769077399001e+07 1.305942491848843731e+07 3.574700963492907118e+06 3.563504256050234195e+06 1.078154810093491897e+07
2.078136345368248224e+07 1.880725642381571233e+07 1.181336276067509316e+07 5.685456423911023885e+06 1.389837869025387987e+07 1.784579108663418144e+07 1.242722285026152991e+07 2.347002212304647081e+06 3.412447652926383540e+06 1.091730701912700571e+07
2.151385990030299127e+07 2.024958385832291842e+07 1.235720813019826636e+07 5.335856202748405747e+06 1.351098491231904738e+07 1.596515551976899430e+07 1.063304594777187146e+07 5.593035384602898266e+05 3.835406208273577504e+06 1.012370061467120238e+07
2.085424864893137664e+07 2.072897134114575386e+07 1.243161758698563278e+07 4.748778831860597245e+06 1.208145095161358267e+07 1.220356719397347420e+07 7.658053123441296630e+06 1.691493964959882898e+06 5.142436089727334678e+06 8.370468032345791347e+06
1.877277297980019823e+07 2.001548827119154483e+07 1.195533197085983492e+07 4.242788606394784525e+06 9.691491982763938606e+06 6.611433595980975777e+06 3.763179082628635224e+06 3.888262281465046573e+06 6.863137354879187420e+06 5.920623070728492923e+06
1.593931007270169817e+07 1.797287232745537162e+07 1.087365972805295512e+07 4.200916114682366140e+06 6.768179061254552566e+06 2.665086755436989479e+06 2.009267469748717966e+06 5.596414025271272287e+06 8.288109550573150627e+06 3.921393980151609052e+06
1.453764310601398721e+07 1.461022494155673683e+07 9.183623148924674839e+06 4.631633836275351234e+06 4.573464615859599784e+06 9.991046891503551975e+06 6.194130165236897767e+06 6.276465079250342213e+06 8.756360753626879305e+06 4.779553296052719466e+06
1.727956370120837539e+07 1.012698889028697088e+07 7.070098451250689104e+06 5.134069286677299999e+06 5.066394235431542620e+06 1.792270381504194811e+07 1.001453801127963886e+07 5.532838858559046872e+06 7.786046891137651168e+06 7.167107713439038955e+06
2.307007718043053523e+07 4.967406652980710380e+06 5.425417505635171197e+06 5.406654064717542380e+06 6.804271354575340636e+06 2.378605272173028812e+07 1.227387927757478133e+07 3.361677244507556781e+06 5.295920606963248923e+06 8.711039065778767690e+06
2.846196186793740839e+07 1.525530849046646385e+06 6.235701168598699383e+06 5.500261376253289171e+06 7.564069471428742632e+06 2.551884830595340207e+07 1.244482194678326510e+07 1.239363248769813450e+06 2.183118924880176317e+06 8.397175189776957035e+06
3.034619304960127920e+07 5.713985481150829233e+06 9.279684681226853281e+06 5.661908122806081548e+06 6.588380214038612321e+06 2.144265247403085232e+07 1.064032484647543728e+07 3.667817200536151882e+06 3.267701990373220295e+06 5.994640608552314341e+06
2.631621189634080976e+07 9.202913502470362931e+06 1.259621675092437305e+07 5.885027266881237738e+06 4.043518749929499347e+06 1.104503014706535451e+07 7.743684126083296724e+06 5.611511878107447177e+06 5.654520946066661738e+06 2.108696387513209134e+06
1.537257114597538114e+07 1.069175210626890883e+07 1.500299421971959621e+07 5.837343434061329812e+06 8.509944642595766345e+05 4.125478902942997869e+06 5.045135938863561489e+06 5.592553647729446180e+06 5.974089917040626518e+06 1.907722523881777655e+06
6.183598445731399581e+06 9.894660636712379754e+06 1.601648702794992365e+07 5.459126862215353176e+06 1.650606060730272206e+06 1.990111432051683217e+07 3.475350240306134336e+06 4.641225993437862955e+06 4.844525735900606960e+06 4.629156549276635982e+06
2.403206993615719676e+07 8.348577647873593494e+06 1.580230126917260326e+07 5.351794363869447261e+06 2.591184581382934935e+06 2.992731786630428582e+07 5.002987012284857221e+06 5.432402809943768196e+06 5.535013131770172156e+06 6.732934148657547310e+06
3.985612872146470845e+07 1.076604971506285109e+07 1.503352139875407517e+07 6.080550006905337796e+06 3.693106217064705212e+06 2.775984659677967802e+07 9.159272427427269518e+06 6.041809232375372201e+06 6.438822913702649996e+06 1.126603749759036489e+07
4.387335708333103359e+07 1.673904865239304677e+07 1.466273868603060022e+07 7.659221187040960416e+06 7.381400314698198810e+06 1.164647006030229479e+07 1.194656983533935994e+07 4.110649223913886584e+06 3.476618644023749977e+06 1.685524183144782856e+07
3.073796373760410771e+07 2.128690364465345070e+07 1.526490308274501562e+07 9.872916474204873666e+06 1.189025447862526402e+07 2.091586723647797480e+07 1.010025181982015632e+07 5.595328073790166527e+06 6.707367157340183854e+06 1.799871266186678410e+07
8.189106268240664154e+06 2.124491012799299136e+07 1.544775060544561967e+07 1.143840373818041943e+07 1.552961509213081934e+07 4.557912328041135520e+07 5.199678407392603345e+06 9.096214747772876173e+06 1.594431456147819571e+07 1.022171999879538827e+07
3.349262537581644580e+07 1.662311434354719520e+07 1.244658279456779175e+07 1.082990187166360579e+07 1.710586162001404166e+07 4.922603322687494755e+07 8.006705354120845906e+06 6.463916055216777138e+06 1.962511342667555064e+07 6.110508504862712696e+06
4.976624365802802145e+07 1.100413152313492633e+07 5.720371342847224325e+06 8.547724471953155473e+06 1.452533606428523548e+07 2.103310956884386763e+07 7.820474111843569204e+06 2.390438662902527023e+06 1.429335536806443334e+07 2.171397065311110020e+07
3.401322017671708018e+07 7.409623788645961322e+06 2.480614538005959708e+06 5.793399025558375753e+06 6.502079293636574410e+06 2.918858278062206507e+07 6.438954706103621982e+06 1.034942921478995495e+07 4.827463585732899606e+06 2.595373775338653848e+07
1.198122294119351543e+07 5.249989756510112435e+06 5.914230203430497088e+06 3.786605081168442965e+06 6.271506255045654252e+06 6.226348445766787976e+07 1.969873610581123829e+07 1.183480351160092838e+07 2.645953212501461618e+06 1.491737620195273682e+07
5.275541991048419476e+07 7.598433065845172852e+06 7.556427403290435672e+06 5.602903723380470648e+06 1.254237752400725521e+07 4.388960625313965976e+07 2.360119065358373523e+07 1.159104250237001665e+07 4.492373502546634525e+06 9.530129228798750788e+06
5.136663313370922208e+07 9.738036062345812097e+06 8.197500680093042552e+06 2.388063568118289113e+06 1.096499452837222070e+07 2.275249102315444872e+07 1.431542613902745768e+07 8.995313578174633905e+06 7.514816309848045930e+06 1.685066948997037485e+07
3.505654474499770254e+07 9.828954724625231698e+06 5.807599519127972424e+06 5.478031137412647717e+06 9.932155867978835478e+06 6.509564588820194453e+07 9.553502401348095387e+06 8.008561874926941469e+06 7.749351405776054598e+06 1.341937494042156823e+07
7.993181482752338052e+07 1.192172966702360287e+07 3.765817039467949420e+06 6.994659676116882823e+06 1.164138489544254355e+07 2.416265650667417422e+07 1.433528786881718040e+07 9.416757952995361760e+06 9.662326660563731566e+06 9.568819650394286960e+06
5.842521396010282636e+07 2.142411472111097351e+07 4.430764230516231619e+06 3.735195721304789651e+06 4.012091653762609698e+06 6.262468749713649601e+07 1.484364096136882715e+07 8.182005460544899106e+06 9.011721662436138839e+06 1.211803393284879439e+07
5.522764793454261124e+07 2.385380752907216176e+07 6.091044956563019194e+06 6.047807774757930078e+06 1.038561065959900059e+07 6.540659086184852570e+07 1.187151726815759018e+07 6.507499066440604627e+06 6.525770965993375517e+06 7.060724292554521933e+06
8.114843372493974864e+07 1.277358097091387212e+07 1.014565709125077724e+07 6.820935106281185523e+06 1.182538691233029217e+07 4.466121872815147787e+07 1.464602114215688594e+07 7.785619129934051074e+06 1.648787796064527519e+07 9.852741789091940969e+06
4.036136056676858664e+07 6.362373038669974543e+06 1.137630866567235254e+07 9.417723276849687099e+06 1.670844881877574511e+07 7.950103914223943651e+07 2.030765173871368915e+07 1.767720730322731286e+07 3.579877339084523730e+06 6.911576147114865482e+06
1.270421409800149947e+08 1.618718652502555214e+07 1.415771925451663323e+07 9.776514969003923237e+06 2.255611720902872086e+07 4.678768664144840091e+07 1.394074793688291870e+07 1.150721931455606967e+07 5.972597681799431331e+06 1.590301897123163193e+07
4.457488890311482549e+07 1.189921081879558228e+07 5.302297113576170988e+06 8.161649396136946976e+06 9.718348006348874420e+06 6.498875390998314321e+07 7.913735294587081298e+06 1.163820814519478194e+07 1.805097839598582685e+07 1.504773779803225026e+07
1.285943000642624199e+08 1.480729065997520834e+07 4.821210385980477557e+06 8.236987423763354309e+06 1.529645679852324165e+07 9.607241670479750633e+07 4.716032980155475438e+06 1.536559366451341659e+07 1.995758661378825456e+07 4.146255192821835633e+06
6.022305833579322696e+07 2.171486580389459059e+07 1.382052510968597420e+07 1.160896426299461536e+07 7.774465869010365568e+06 2.512862955705018714e+07 1.310744470167309232e+07 7.109812813371917233e+06 6.899344895748424344e+06 1.877849396977054328e+07
1.039975894549276680e+08 1.752158684820596874e+07 9.592124494133390486e+06 1.260546048196205124e+07 9.112021695718139410e+06 1.284179427466555983e+08 1.274579884639525041e+07 6.221549479199066758e+06 3.280897951725886669e+06 1.357509338875200227e+07
1.298119713826085031e+08 1.733999735599957407e+07 1.233365688357437029e+07 1.186881679781140387e+07 1.203895966867082193e+07 9.162059742250314355e+07 2.450389746967368200e+07 1.595060566396940686e+07 9.004663139172825962e+06 2.833204593899709731e+07
6.536409036095609516e+07 1.255682541991750710e+07 1.313476986133193038e+07 5.364316580186106265e+06 2.220370717553895712e+07 1.584855776949681528e+07 3.644515690571071208e+07 1.145342189101824164e+07 1.483403778323263489e+07 2.317779662370610610e+07
1.049785683319993019e+08 2.067596881425955147e+07 1.976597780671181902e+07 2.089887109245102853e+07 4.974150860057658516e+06 8.453392456676957011e+07 1.061495942055261694e+07 1.375057489160748385e+07 1.554087038312822022e+07 1.149495637763185240e+07
1.612544591897471845e+08 1.278528563197072968e+07 2.011953474920040742e+07 2.809409974471801519e+07 1.212262644434961304e+07 1.317804218250932693e+08 6.135869194944517687e+06 1.213447161128241010e+07 3.137407441586867440e+06 1.323577108416213095e+07
1.755035795749010146e+08 2.338476751459849626e+07 9.554688130071759224e+06 1.279088309308741242e+07 4.255581367385309190e+06 1.684214940967255533e+08 1.387006093686992116e+07 4.944386311176431365e+06 7.187569303547685035e+06 3.522471913420269638e+07
7.786021745068940520e+07 1.657701781395434402e+07 6.875534599791272543e+06 1.285573009463889524e+07 2.338717498717579246e+07 1.811240228123401999e+08 8.694210274151943624e+06 3.005007412934491411e+06 8.416032253942843527e+06 7.768682142178768292e+06
9.356763573424670100e+07 2.979845488297896087e+07 8.196154892535034567e+06 1.010513959976557456e+07 1.120568324016948603e+07 1.481617970493819714e+08 1.819563511764253303e+07 1.397081861840114743e+07 6.810217196282837540e+06 1.674613063883955963e+07
9.654088543622024357e+07 3.888262816830123216e+07 9.595749811723599210e+06 4.401913279360323213e+06 9.603353800754474476e+06 1.719419428069755435e+08 3.544790678249209374e+07 5.557203244485044852e+06 1.330479183702629805e+07 3.773111887203116715e+07
7.073931047799152136e+07 5.881663997047393024e+07 1.080609441187371314e+07 1.244922560664846562e+07 1.340967904387799837e+07 1.991493244568805695e+08 3.760281717667625099e+07 8.115293934891180135e+06 1.287831099479754083e+07 3.024549664702456817e+07
1.326330931405893415e+08 2.553742990180588514e+07 1.385632119456951739e+06 1.206585249904750660e+07 1.285668918990093470e+07 2.124397426137566864e+08 1.764233898895934224e+07 1.131821428362273797e+07 1.465177293867715448e+07 4.080763197044175118e+07
1.837852699787215590e+08 5.511629440410241485e+07 1.102041921915834770e+07 1.919415330943248048e+07 3.129759035618983209e+07 1.027134986171454191e+08 3.596073528625184298e+07 2.777687590535547584e+06 8.446464252207811922e+06 2.869204316830409691e+07
2.491127800197832286e+08 3.571800349645520747e+07 5.914409917411301285e+06 1.215097401959530823e+07 7.353581144487156533e+06 1.154826750427791178e+08 1.034026219950067997e+07 1.475649239133554511e+07 2.611004459333897009e+07 2.143526425584394485e+06
1.717218404831658006e+08 2.993889161409207806e+07 2.298574296665397473e+06 1.553665604741328582e+07 7.907863126226140186e+06 2.507325643815345764e+08 3.575543828725107014e+07 6.769367512617198750e+06 2.607662182925119624e+07 2.859756027835252509e+07
1.570941790070534647e+08 3.612938040521869808e+07 1.406431907702553645e+07 2.824528384520041943e+07 3.641504486722777039e+07 2.293191418136571720e+07 3.571246649403856695e+07 2.152592822745369747e+07 2.787247684209570289e+06 1.480608194173288532e+07
3.071643180073364973e+08 5.485975112640964985e+07 1.181446377877205797e+07 2.592652964413561672e+07 1.982998358778766543e+07 2.932473567469183803e+08 2.110786774110441655e+07 2.328371160591130331e+07 1.025486325073210895e+07 7.259354076937066019e+07
1.194552047196138650e+08 3.048396004344403371e+07 2.590537272135839611e+07 1.703486230457241088e+07 1.895361030803540349e+07 1.869801058765636683e+08 3.122166396051591262e+07 1.054334388007219508e+07 2.090667170869707689e+07 1.685173034820532054e+07
2.216380777526496351e+08 2.981850530835221708e+07 2.065636707640437782e+07 1.264852483606784418e+07 2.322500398165652994e+06 1.459350408731527328e+08 3.656707975128196180e+07 6.931410433769713156e+06 3.095021141822563484e+07 4.430090789235559851e+07
3.489870102058000565e+08 3.608836015578878671e+07 2.458398058405453339e+07 3.994066772638628259e+06 5.923137518958818167e+06 2.180308880703648925e+08 4.032096992373500764e+07 1.166240116950643808e+07 1.954575304693111032e+07 1.823275318771659583e+07
2.825278748281666040e+08 5.791205057996951789e+07 1.633229634286738746e+07 1.089259692358564772e+07 4.755416859291628748e+07 3.141539540871335268e+08 2.465089232597495243e+07 2.238565912343466282e+07 1.682784850421481580e+07 4.794747414856152236e+07
2.153366784766770303e+08 4.163170349940788001e+07 1.490314986827338673e+07 1.299499956803647242e+07 1.626355482745453902e+07 2.707983431619531512e+08 3.493065612031059712e+07 3.609591404797594994e+07 2.739188751129380614e+07 1.834604987522890046e+07
2.469165935506478250e+08 6.196131320551916212e+07 3.727564053186506778e+07 4.425616504728013277e+07 8.296330969963395037e+06 1.035926736617003977e+08 2.039976775760266185e+07 1.217763620651347749e+07 2.257399784005249664e+07 2.839032574272351339e+07
3.959482789605325460e+08 4.234141973568236083e+07 3.105384281893846393e+07 3.934566094088926166e+07 3.755596179641333222e+07 3.348166445570502281e+08 5.078725243480317295e+07 1.617052289085393958e+07 4.057068799125924706e+07 3.037510564303265885e+07
4.775335776059739590e+08 5.500860714860708266e+07 4.726584501581485569e+07 5.446661545105183870e+07 5.500692727512845397e+07 3.650900642592027783e+08 5.578003785774470121e+07 2.858241102527983487e+07 3.627419089009881765e+07 1.188734842397056520e+07
1.696842136257418096e+08 2.465325029234098271e+07 2.545581159323705360e+07 2.835956117454600334e+07 3.254868431022955570e+06 4.305580797473853230e+08 2.208289464039622992e+07 2.452045393867829442e+07 1.802667753255244717e+07 3.957945852341117710e+07
5.669130908100715876e+08 4.604563712520296872e+07 4.400513213887287304e+06 5.161485071174250543e+07 3.484853729449360818e+07 1.307263236665842384e+08 5.495413671834366024e+07 1.950237687940764800e+07 1.504758835678030550e+07 2.126866485249561071e+07
5.123105073534874320e+08 9.800411907104022801e+06 1.984411933796646446e+07 1.368208816558918171e+07 1.829693449461106909e+06 5.522712168996316195e+07 7.325848208079743385e+07 3.225868120583751798e+07 2.322765454468029737e+07 8.438646608311513439e+06
2.731452787959735990e+08 6.066286037615703046e+07 2.529246237877949700e+07 2.959994901098400354e+07 1.833481803154358268e+07 1.279311904382969588e+08 5.574748343969832361e+07 9.507886484656410292e+06 1.508439945194007084e+07 2.057687642288389057e+07
3.969319164479046464e+08 4.105408099160029739e+07 2.817687972763393447e+07 1.847657854551874846e+07 2.806489330598036945e+07 5.742002800835576057e+08 4.304879853354519606e+07 3.111134344174647704e+07 1.499352857129538432e+07 2.914973967709790543e+07
6.977067056851414442e+08 2.925987224696225300e+07 1.798296606398957968e+07 2.018287503206040710e+07 4.257786540548860282e+07 4.052171611313956976e+08 3.066477534136113897e+07 1.738789010702544451e+07 1.664843372643073276e+07 9.052486679475929588e+06
5.176771839866398573e+08 4.009733343914064020e+07 2.396307631427942216e+07 4.122099399288451672e+07 1.769398159414548799e+07 7.483137276428734064e+08 4.678827208478264511e+07 2.465513272028541565e+07 4.774146516070734710e+06 5.497734573212405294e+07
7.890257142523642778e+08 7.441210625008501112e+07 2.566964126101649553e+07 5.774652438996596634e+07 2.014836342465828359e+07 7.892514942281578779e+08 5.845301409827961773e+07 2.406004375434041768e+07 2.354905600742533430e+07 3.169088678320178390e+07
6.971837380287690163e+08 1.156967769867759384e+07 1.122877284892979264e+07 3.112520572737399489e+07 2.795677316265131906e+07 8.316166222078496218e+08 2.187201740920047462e+07 3.594786206042210013e+07 8.687923038711823523e+06 1.197218091964114830e+07
8.060890695882918835e+08 5.293962145394094288e+06 1.188733322227445804e+07 3.368956971304851770e+07 9.299513513538731262e+06 3.339321956435095668e+08 2.796484981583282351e+07 3.048443170239057392e+07 1.720487551548508927e+07 2.549170234592736140e+07
1.032465640850107908e+09 1.720338829302546568e+06 2.024171385067316145e+07 3.113164444471969083e+07 1.909715991716125607e+07 9.751324485970562696e+08 3.567060954998654127e+07 1.684969428407805413e+07 1.970489662998869643e+07 2.745596006258368492e+07
6.309319370381667614e+08 2.015872833068379015e+07 1.418967487932434678e+07 1.901069194077801425e+06 2.609602657756482437e+07 9.736509062793741226e+08 1.790279309765760973e+07 2.093917489042479917e+07 3.405086113421425968e+07 3.498128186548929662e+07
3.683674877097584009e+08 2.441104411745919287e+07 1.304972904615008831e+07 1.000938423561204597e+07 3.523291258100957423e+07 1.110130255641996622e+09 2.137389901677265391e+07 1.166039393008086272e+07 1.582427927618857473e+07 9.129916455792808905e+06
5.861564700249963999e+08 1.639849431869253889e+07 3.951002315490296111e+06 3.109563690784873068e+07 1.437770980223583058e+07 4.052082521279394031e+08 1.374749658237666264e+07 1.299003454059330374e+07 1.714979345737035945e+07 2.739116550786825269e+07
1.420983535805422068e+09 1.969971606721525639e+07 1.115653500846847519e+07 2.836018904907291010e+07 5.694339036558808759e+06 2.429409457769189477e+08 4.825578065203418024e+06 5.562812710611545481e+06 1.161149486570854671e+07 1.496032658286716044e+07
1.226598939617011547e+09 3.346607325737561658e+07 4.270641468074589968e+06 9.899033798730222508e+06 2.707588270319527760e+07 5.244511765962492228e+08 8.233838072535529733e+06 2.679952234765833244e+06 5.454678355961733498e+06 1.758810539712827653e+07
1.516565973520626545e+09 1.415048471759968996e+07 1.636260100105525926e+07 1.354389752332243137e+07 1.027911870250360481e+07 1.372068853264725208e+09 2.252035672011370584e+07 6.867515618936941959e+06 1.242727166247753613e+07 1.233854714957635850e+07
1.258451044831928730e+09 1.007035141028214060e+07 1.327361247760460712e+07 7.908264466875750571e+06 2.292542194856732711e+07 1.637091223666243315e+09 2.693089608857248351e+07 1.124239084842332080e+07 1.707691040985506028e+07 1.051948222826017439e+07
1.964296638329719305e+09 2.056816461395930871e+07 1.308863554554318823e+07 9.425413976875172928e+06 1.842096218642194569e+07 3.145240889287167788e+08 3.958493624352779984e+07 8.283567957329328172e+06 1.028362806675168499e+07 6.047501111204560846e+06
1.279194152931966782e+09 1.453667553733087704e+07 1.173521538330939971e+07 1.833387173863894073e+06 2.338767299921813607e+07 1.519401415834299564e+09 2.033103955968133733e+07 1.048253707323983125e+07 5.014797465555425733e+06 3.699894987322025001e+07
2.579708005259217262e+09 2.088119073402003944e+07 1.060747104066812620e+07 1.933244828370016441e+07 1.504983738665084913e+07 2.592312743662445545e+08 1.845211349830944464e+07 1.166267455657036602e+07 2.256301857673056051e+07 1.919982552018700168e+07
