3.307464557992503978e+06 3.347035539827218279e+06 3.619140933347649407e+06 3.928031841200642753e+06 4.224559359553467482e+06 4.464236099567363039e+06 4.567532519631775096e+06 4.471485321544172242e+06 4.130664055710096844e+06 3.638383216515129432e+06
3.056116135659556370e+06 3.133864413842665032e+06 3.502135105298383627e+06 3.909291453636438120e+06 4.301005242991672829e+06 4.604334018978516571e+06 4.712466081181264482e+06 4.563672496606973000e+06 4.111720741519494448e+06 3.471969712173678912e+06
2.664878799870643765e+06 2.800037027305031195e+06 3.291017073243473191e+06 3.826322715258910786e+06 4.346685255832624622e+06 4.730355599414397031e+06 4.835370359249901026e+06 4.609501891832302324e+06 4.011705394467914943e+06 3.183108793454308994e+06
2.114880923177735880e+06 2.334803478504444007e+06 2.974045917477693874e+06 3.675375115216416307e+06 4.369144408451831900e+06 4.852364336781535298e+06 4.941806307429118082e+06 4.605818112011504360e+06 3.817911027786472812e+06 2.749638802067451179e+06
1.413007678526985226e+06 1.752659665824485244e+06 2.543766853877402376e+06 3.458053614978742320e+06 4.382796150462650694e+06 4.985272972834433429e+06 5.041994274755204096e+06 4.553221957286002114e+06 3.519756435296254698e+06 2.151289319232583977e+06
7.839930410901914584e+05 1.186612060438192682e+06 2.001690611665310338e+06 3.183941096162486821e+06 4.408341421723830514e+06 5.146076760458475910e+06 5.149873991605989635e+06 4.457278663718484342e+06 3.110619310676947702e+06 1.376255512012603693e+06
1.319989158350093057e+06 1.218399162127977936e+06 1.372399664517476223e+06 2.873526656903378200e+06 4.468594011783617549e+06 5.347635161864901893e+06 5.279781862083971500e+06 4.329177553960502148e+06 2.590263078185511753e+06 4.913388575609161635e+05
2.695286840425825678e+06 2.144561583544048946e+06 7.873692442399720894e+05 2.560386877694261260e+06 4.579710825991630554e+06 5.589664298965463415e+06 5.440482153089082800e+06 4.185097213334214874e+06 1.968455123840556014e+06 9.351887920688597951e+05
4.401400720314067788e+06 3.486382146938088816e+06 8.540781824414178263e+05 2.289195632588931825e+06 4.739926823672663420e+06 5.850088559763900004e+06 5.628030893793840893e+06 4.043475323675037827e+06 1.273790641348804347e+06 2.283948254420905374e+06
6.336342201225856319e+06 5.032034266296476126e+06 1.605470934825312812e+06 2.102538152305442374e+06 4.921440345125158317e+06 6.081416485623369925e+06 5.820960240507120267e+06 3.920099446833488531e+06 6.132940476803970523e+05 3.827882907776024658e+06
8.416107248463457450e+06 6.671993456142665818e+06 2.494256418183638249e+06 2.014160740195274819e+06 5.070760199333970435e+06 6.216611727755188942e+06 5.981990089534750208e+06 3.822833064454314299e+06 6.393475103719285689e+05 5.485699206452606246e+06
1.052338317180301249e+07 8.292437775771677494e+06 3.359988871851261705e+06 1.990834832197552547e+06 5.118533902681557462e+06 6.189783438477866352e+06 6.069677326948419213e+06 3.749795990898907650e+06 1.312249731801586458e+06 7.167398109064578079e+06
1.249367608520003594e+07 9.754117699981901795e+06 4.121054728565088473e+06 1.970933875538989203e+06 4.997049176768760197e+06 5.983484673437464982e+06 6.062747977077163756e+06 3.693992327352327295e+06 1.994725612759988988e+06 8.753134516007073224e+06
1.411066506275127269e+07 1.089123205510841683e+07 4.717941541384518147e+06 1.903725061947247945e+06 4.664757142238085158e+06 5.726210790711781941e+06 5.998944123639785685e+06 3.652180186168196145e+06 2.558538713429009076e+06 1.009240802572033182e+07
1.511065202740628645e+07 1.152123168002033606e+07 5.117090909891637042e+06 1.777700940040786518e+06 4.139701937732567079e+06 5.827196385021316819e+06 6.018542354759171605e+06 3.629450787143401802e+06 2.943954819721138570e+06 1.101107311089179851e+07
1.520026008331657201e+07 1.146552898765422963e+07 5.322270338804635219e+06 1.631733719380654162e+06 3.542330714666921180e+06 6.863676424862718210e+06 6.356455082421675324e+06 3.630542585188338999e+06 3.118279317999608815e+06 1.132713874756439216e+07
1.409306589055710472e+07 1.058182895147581957e+07 5.379309653067541309e+06 1.554275651775473962e+06 3.114373736163500231e+06 8.988568569530993700e+06 7.194079627326086164e+06 3.642426556283598300e+06 3.078952086526592262e+06 1.087678046887346357e+07
1.157229776434211433e+07 8.807108881192672998e+06 5.361835663061833940e+06 1.673396433914119378e+06 3.060802599917073734e+06 1.176132513199832290e+07 8.465681047525735572e+06 3.636947520262033213e+06 2.859332371301826090e+06 9.550498409604888409e+06
7.599244381378613412e+06 6.208579441881501116e+06 5.334730023782600649e+06 2.118390619698899798e+06 3.232716479450400919e+06 1.447837405151751265e+07 9.862447058898564428e+06 3.627613272122044582e+06 2.534305987210787367e+06 7.336399738994693384e+06
2.804647385522706900e+06 3.061623501554497518e+06 5.320814597513784654e+06 2.928672594475495629e+06 3.236430735247020144e+06 1.632723149457972683e+07 1.098210503621383756e+07 3.760131354413765017e+06 2.226319054153093137e+06 4.363364816872531548e+06
4.902021520774140023e+06 1.239008637420983519e+06 5.315079212830480188e+06 3.967220173180141952e+06 2.812359617812958546e+06 1.648024223742582276e+07 1.146981976795170084e+07 4.261887752823892049e+06 2.092158410403821617e+06 9.352936812213121448e+05
1.088926090938159451e+07 3.935433836824414786e+06 5.350569373482974246e+06 4.883063483080552891e+06 2.040623565522734774e+06 1.430977159269789793e+07 1.114093309438097849e+07 5.107835274723836221e+06 2.253146384034511168e+06 2.495012688210517634e+06
1.574151274071165919e+07 6.174063716799837537e+06 5.559809995333446190e+06 5.146619019252921455e+06 1.436594506116836797e+06 9.848921514468859881e+06 1.009347238718692027e+07 5.852007849939829670e+06 2.794917720889825374e+06 5.303047810089463368e+06
1.780627640708112717e+07 7.125378791722540744e+06 6.164638439248894341e+06 4.220103963225533254e+06 1.470436042783010518e+06 5.598010251423671842e+06 8.784641169073764235e+06 5.866637223150625825e+06 3.927964928693305235e+06 6.876582693326041102e+06
1.576846172910531610e+07 6.638482931242068298e+06 7.338974809570035897e+06 1.939258055129474727e+06 2.467438256455409341e+06 8.791381667929597199e+06 8.031747000656032935e+06 4.684956358111009002e+06 5.867249240845292807e+06 6.729996257366265170e+06
9.307115727775448933e+06 5.077050402179596014e+06 8.941541063064662740e+06 1.980701460743083619e+06 5.514302083599453792e+06 1.389079458427948505e+07 8.710788690303009003e+06 2.467133065335522871e+06 8.424377273208452389e+06 4.745162145727537572e+06
4.798784931971899234e+06 3.317539432757224422e+06 1.028837220354839973e+07 5.141084385582872666e+06 1.026491256717734411e+07 1.510402780978955515e+07 1.091705831775323302e+07 2.134409176957387943e+06 1.083433034918536060e+07 1.957907948354056571e+06
1.476430546665297449e+07 2.308442933852590621e+06 1.023565260309979506e+07 6.543060550300226547e+06 1.504323580326070078e+07 1.070834260596510954e+07 1.365976290806960873e+07 4.314312040252751671e+06 1.193671652802764066e+07 4.263731813087907620e+06
2.260543034437482432e+07 2.265269591572790872e+06 7.750853327544575557e+06 4.880013510402291082e+06 1.759777956897337735e+07 5.679432085319906473e+06 1.539757089544478804e+07 4.909422237171233632e+06 1.072108360259396024e+07 7.950001731384124607e+06
2.174472058745628968e+07 3.785779682350452989e+06 3.007114909242880996e+06 7.938977423154008575e+05 1.665041022854577191e+07 1.325070806303416379e+07 1.486191037532094307e+07 3.127981677104102448e+06 7.100755774864126928e+06 9.805796724830612540e+06
9.345618361673457548e+06 6.512643903742133640e+06 3.804173819006281905e+06 3.776166329782037064e+06 1.393568217666110210e+07 1.842915911048461124e+07 1.208030456039408408e+07 4.047561322726828046e+06 2.522546937066835351e+06 8.903269813460418954e+06
1.477993080293223448e+07 8.974352775910107419e+06 7.855248628063201904e+06 5.758549622226726264e+06 1.280941120405495353e+07 1.398118219989177585e+07 8.542747291745519266e+06 9.908259110600583255e+06 2.408496342562461738e+06 5.622760486073280685e+06
3.756772783144822717e+07 1.049124920478050970e+07 8.693151024982612580e+06 7.817835418496881612e+06 1.121702810164310783e+07 1.329269186819519615e+06 6.757135934136423282e+06 1.501233994358245470e+07 3.817744968057480641e+06 1.823338030182373710e+06
4.690616035225266218e+07 1.195415686394793354e+07 6.875282135935092345e+06 1.214614419205137528e+07 7.244306477063233033e+06 1.287321926236692071e+07 1.085314104580789246e+07 1.629170526569616050e+07 2.936212549671247136e+06 2.999950474506386090e+06
3.219482155169729516e+07 1.452978704263652675e+07 2.878471495517004281e+06 1.283363346376211569e+07 8.815246872267695144e+06 2.202713587100153416e+07 1.694181182843598723e+07 1.256850048282368667e+07 5.319262666510522831e+05 5.865331883917258121e+06
4.466960866613054648e+06 1.745328668024955690e+07 3.896991648613699712e+06 7.527913337831058539e+06 1.285022034967914782e+07 2.683018498483242467e+07 1.820820703082923219e+07 6.026018216887328774e+06 2.192376310518858489e+06 9.122186069534884766e+06
3.279622067470420152e+07 1.810112363573470712e+07 9.092316448332037777e+06 8.825709130368957296e+06 1.409247518572041579e+07 2.025726066038029641e+07 1.384341729408074915e+07 9.145687586992830038e+05 3.633954418220327701e+06 1.457253522916312516e+07
3.031384836413400993e+07 1.332463938891766779e+07 7.591789686831879430e+06 1.508810834767979756e+07 1.066571998452788219e+07 1.415808817158036493e+07 9.934445956117300317e+06 5.149965267049711198e+06 2.729702668832233641e+06 1.917713747543423250e+07
1.490212875452712737e+07 6.283613038531235419e+06 1.045062446854058467e+07 1.205679009440789185e+07 5.915734754821056500e+06 3.401936273634105176e+07 5.935598912715138867e+06 1.017710328303542174e+07 3.419735396279073320e+06 1.417260619599909522e+07
4.616582561190404743e+07 1.569316861555022933e+07 1.280998260173992440e+07 1.340164054058926366e+07 6.777800526430564933e+06 1.432752322018794715e+07 1.113721435225898959e+07 1.737394138715187460e+07 1.267038497172474489e+07 3.953084348700764123e+06
2.464886224453762174e+07 2.361443652536844090e+07 2.404846426315268967e+06 2.112114569669296965e+07 4.926791419945358299e+06 3.242881467660763860e+07 1.713644961954479665e+07 2.266146668406463414e+07 1.497807450230678916e+07 1.486160423315427639e+07
3.914070416959924996e+07 2.510293667683321983e+07 7.941683455852113664e+06 1.085238557287827879e+07 9.499055757205978036e+06 2.840036742970341071e+07 8.409013554373323917e+06 1.626397226000495441e+07 9.016882346013180912e+06 9.830433189598543569e+06
5.501699486765380949e+07 2.161288354913478717e+07 6.840316230335711502e+06 2.881285654595432337e+06 1.316341716404196108e+06 4.170560036497580260e+07 1.450494128981500678e+07 2.074510821291540936e+07 6.966263593841203488e+06 2.757314508311285172e+06
1.475856022226925194e+07 1.613781527947482280e+07 1.033171236339091137e+07 1.601105797579000238e+06 1.729183865387826040e+07 4.001082208488715440e+07 1.746644491337480024e+07 2.337008199146347865e+07 1.945081924792458117e+07 6.805177509296687320e+06
5.269677748514267802e+07 6.308051523209617473e+06 1.210361919100329094e+07 8.931072946174455807e+06 1.255655629733046889e+07 2.845761754793373868e+07 6.620652314190582838e+05 1.771158639220643044e+07 1.691421765509091690e+07 4.054412825682235882e+06
2.935279704706036672e+07 6.863334928843985312e+06 8.590617663556547835e+06 6.934436522236177698e+06 1.525676071574345976e+07 9.092517348098764196e+06 1.161255515278739110e+07 1.870436532807559147e+07 1.918759548188611493e+07 1.013001410909278784e+06
5.535488910478585958e+07 2.284292939125305042e+07 1.412555205555607937e+07 7.400140145920672454e+06 1.266342923018983565e+07 5.754422319221594185e+07 2.250282804130189866e+07 1.965514365149633214e+07 1.816721506109056994e+07 1.242277453891803138e+07
8.515097618431362510e+07 2.735321938839570433e+07 2.070898881573161110e+07 7.245974087964479811e+06 3.045161760532945395e+07 3.616162947071581334e+07 1.788305363076770678e+07 7.510742381704090163e+06 1.357731021746282279e+07 1.680221978036280721e+07
5.433522518992148340e+07 2.597943322349072248e+07 1.982171570336318575e+06 8.494478449870340526e+06 7.784871948785996996e+06 1.826487226283130795e+07 9.415339439079171047e+06 9.813677610726574436e+06 1.116500514969226345e+07 1.769184116609194875e+07
1.081936201768572628e+08 1.215297455030738004e+07 1.130820038105452433e+07 2.130168269444484264e+07 1.140116090663225017e+07 3.368692610906057060e+07 1.345009785551815480e+07 3.697221344653494656e+07 3.893318383903642651e+06 2.513763519386861939e+06
3.076382736230003089e+07 3.444359038438788056e+07 2.744619202499208972e+07 2.478032546031617001e+07 1.793668616969959810e+06 4.376481376493427902e+07 1.368236464082372002e+07 1.816116053729151934e+07 1.442415096816325374e+07 1.874617922163588554e+07
3.723013553817622364e+07 3.163583407984830812e+07 8.339924121946817264e+06 2.912927906378884986e+07 1.088151019234376214e+07 6.145406573763760179e+07 1.671755045584045164e+07 9.974910624677117914e+06 5.435634115180235356e+06 1.923036135961674154e+07
1.019482522521841675e+08 3.565888199818344414e+07 4.168578720257908572e+06 9.059065812255591154e+06 1.252084751313731261e+07 7.680932734458708763e+07 3.246112849118965119e+07 1.734151065973677859e+07 5.228674521199877374e+06 1.616334086334958486e+07
1.403721666621885598e+08 3.387785037230973691e+07 2.219700328608013317e+07 2.085200668633026630e+07 3.430248513901304454e+07 4.365387099583683908e+07 1.810773882772685587e+07 3.153801800262770802e+07 1.953419813570211828e+07 2.572901592869880050e+07
1.138164221919706166e+08 3.795770732928451151e+06 4.211910196283875406e+07 1.526001706167957745e+07 1.661942927902184241e+07 3.052295537860338017e+07 4.547011203146700561e+07 2.531175124566964805e+07 3.114492050056134537e+07 1.309688410390561260e+07
6.028623601060161740e+07 3.071674618318408355e+07 2.118013190110981837e+07 2.556119814281749725e+07 2.671632573663806915e+07 6.952490751613174379e+07 4.015194340148426592e+07 1.979827045721498877e+07 1.164294796545244753e+07 2.508949226569273695e+07
6.501455216129913926e+07 2.715861249879284948e+07 1.147220670835696161e+07 4.987152631598072127e+06 2.289844758018419147e+07 3.123902631212091073e+07 3.556536212778964639e+07 2.852730070224208385e+07 1.616225982773432694e+07 1.791214066144406423e+07
9.426333398536273837e+07 6.880029051502020657e+07 3.139095221679767221e+07 2.031111127222178876e+07 5.807106052747805417e+07 3.893520821459034830e+07 2.658310354992854968e+07 2.568482501946015656e+07 1.050420152262162045e+07 1.845306751362456009e+07
1.288981957394101173e+08 6.785284427643437684e+07 2.451781074857675657e+07 8.452019933094622567e+06 4.838839043980118632e+07 1.093776631598293036e+08 2.985447208667499945e+07 1.364488763636215031e+07 2.269673334667647257e+06 1.542246210368729383e+07
1.401448343283697963e+08 3.895173904134833813e+07 5.346523712893038243e+07 2.617823916209867597e+07 3.259272782639084384e+07 9.322756209212027490e+07 3.963568912601136416e+07 1.871777003115449101e+07 1.832048638513105735e+07 2.045412530895902961e+07
1.611995234546368718e+08 2.404749956203590333e+07 2.770102605799632519e+07 6.041405660017165542e+07 6.199285581289850175e+07 5.460410716161080450e+07 3.912355871968117356e+07 3.505573956553424895e+07 3.934201183272261173e+07 4.301304248426122218e+07
9.583628729293376207e+07 3.819855044011565298e+07 4.860275262570989132e+07 2.616844006765061244e+07 1.785852741515881196e+07 9.344877283262903988e+07 3.386520407151433080e+07 1.582387980017432198e+07 1.338548870479783788e+07 2.789624351528247073e+07
1.530851618277402222e+08 1.396608116498105228e+07 7.469893887812657282e+06 1.453583721254959144e+07 3.177476317609050125e+07 1.028176674389721155e+08 5.174128521733249724e+07 4.622243812845377252e+06 4.153655539086636156e+07 1.836096841890072078e+07
1.554417882481999993e+08 2.000511185076020285e+07 2.680047133118803427e+07 1.881111903560126945e+07 2.779469133139175922e+07 5.497446224031732976e+07 3.003578477205424011e+07 3.092151912752168998e+07 1.549505813021479733e+07 3.016087070604577661e+07
2.007264576268559992e+08 2.882270636206250638e+07 4.798116069280729443e+07 2.880128187988543510e+07 3.823094517364079505e+07 7.889966622904904187e+07 4.560978573079846054e+07 3.831451325888314098e+07 3.935801798195271194e+07 1.996197041058745608e+07
9.242754318840290606e+07 1.944901072207040712e+07 4.150510706133722514e+07 4.377613789254938066e+07 6.691147422998570651e+07 6.461358982338364422e+07 3.146654856258633733e+07 2.787095304235036671e+07 2.121155577219362184e+07 1.695265986751060933e+07
3.293269925080336332e+08 3.166025083508553915e+06 6.809633950299243629e+07 3.057639193854281306e+07 4.080514994271906465e+07 2.113643164417921007e+07 6.961153323670648038e+07 3.865370596092776954e+07 4.370680617681726068e+07 2.103629273739150167e+07
1.577991921544161439e+08 5.322512448095569015e+07 3.813070632614534348e+07 3.965486173453022540e+07 6.550259836235703528e+07 1.198834565127447993e+08 5.873768193921133131e+07 9.757683613978211582e+07 5.553950037908995897e+07 6.355936283606094867e+07
2.750979112716879249e+08 6.308871840664143115e+07 7.830219831930035353e+07 5.559861956330645084e+07 7.289613079730322957e+07 1.195899476594422162e+08 2.120791789644257352e+07 9.096995892892515659e+07 2.937983828525667638e+07 4.339743222220990807e+07
2.892347618920826316e+08 4.760955685910892673e+06 1.703491882765864953e+06 4.151111086265695840e+07 4.464670183051041514e+07 3.414598911396858841e+07 4.566365363201031834e+07 9.280153714863060415e+07 3.728574056377661973e+07 4.186503455525992066e+07
3.853801885294123888e+08 6.845554657180292904e+07 5.538121036543798447e+07 6.617952266979593784e+07 5.006872358784986287e+07 2.371036764354036450e+08 6.544912014359341562e+07 5.603382372053684294e+07 2.332533798314554989e+07 2.062496375578062609e+07
1.798215425134190917e+08 4.626593507113271952e+07 4.335754132563302666e+07 1.812543799023452401e+07 2.397539078122722358e+07 1.686865268702554703e+08 1.038870003693566658e+07 5.116408569105020165e+07 5.361635357977118343e+07 1.015505663109076023e+07
3.393354262612303495e+08 4.873781886297748238e+07 3.618041670035830885e+07 2.751228549865858629e+07 9.713258160786588490e+07 1.906641137854138315e+08 4.860265594224528223e+07 6.082006258195696771e+07 1.445701080988666229e+07 7.536717766319233179e+07
1.682808162136342824e+08 8.215690832323797047e+07 5.271429691438084841e+07 1.054092635470792502e+08 4.077856351050585508e+07 1.862757894328443408e+08 2.546244141136706248e+07 5.233722237716127187e+07 6.734200783231121302e+07 3.436741019977191836e+07
4.017913225811061263e+08 5.687512375864548236e+07 3.391745012766297907e+07 1.119232169614056051e+08 6.475715545452092588e+07 1.888500686001252830e+08 5.749894802135866880e+07 7.318374165750426054e+07 5.779100490033574402e+06 6.242666431874919683e+07
5.280648681916388869e+08 3.710640598665941507e+07 3.282485837687829509e+07 8.203268769848170877e+07 6.145110050457891822e+07 8.958278411336678267e+07 3.973947965124054253e+07 6.770215965320491791e+07 5.906518073907802254e+07 8.316156620492634363e+06
5.108305056892213225e+08 5.439006546919210255e+07 5.058001269762329757e+07 4.799748475938957930e+07 2.481823410349503905e+07 1.307617331330699027e+08 5.176796893469430506e+07 4.115729569989941269e+07 2.984091744007990509e+07 4.658185041167335212e+07
3.627116727627730966e+08 5.046647765209729224e+07 5.641410822206527740e+07 3.407980726349022239e+07 3.640019329961538315e+07 2.104595165840260386e+08 3.652397943245552480e+07 8.052348620042230189e+07 2.184982424211294577e+07 2.033854283604516834e+07
3.196963084581313133e+08 4.484299348972494155e+07 2.130935869715261832e+07 7.843633739801229537e+07 5.417605050876509398e+07 8.417113701647199690e+07 5.428947339934895933e+07 4.586790060412168503e+07 4.015338879401357472e+07 5.196489015768342465e+07
4.361340457452455759e+08 7.263048256978681684e+07 7.591565037774397992e+06 3.370548289677736163e+07 2.676491021665060893e+07 2.475431755453468263e+08 5.850614683509911597e+07 3.677714540225903690e+07 2.580812817593607306e+07 2.160348516464015469e+07
5.712483879616878033e+08 8.586194413058374822e+07 8.450634389841221273e+07 4.285961856528706104e+07 2.847454438591935113e+07 7.338244059503065050e+07 1.784256486689997837e+07 5.073104364726813138e+07 7.572461798777108081e+06 2.115957961503526196e+07
4.883988799272885919e+08 4.968195761206043512e+07 1.352001311467982084e+07 5.642836574264316261e+07 1.591870504415399395e+07 1.463418800977455080e+08 6.646695839014895260e+07 4.695214007467149943e+07 5.881937144323068857e+07 4.751844650514706969e+07
2.352012882371201813e+08 4.608364582966077328e+07 6.797215111677896976e+07 3.563486781225501001e+07 2.956624337560165673e+07 1.545911314747986197e+08 5.245937368136084825e+07 5.295745237136743963e+07 2.550858235338244215e+07 1.880077613676207140e+07
7.631389912334710360e+08 1.869617914391326904e+07 4.241521366734740883e+07 1.470281731037377194e+07 2.318742161023925617e+07 4.160924573597893119e+08 3.669044715942009538e+07 5.230407692409757525e+07 1.537420388229642622e+07 2.844629145496816933e+07
8.229413691102883816e+08 2.540049883336243033e+07 4.907206160778105259e+07 3.980018031588647515e+07 6.924843556705042720e+06 5.259520544314407110e+08 3.196681252135503665e+07 9.227684603082649410e+07 8.905084435091231018e+06 1.646449019650528766e+07
8.446153279880778790e+08 4.828253019668749534e+06 3.912649697822633386e+07 1.368594648648770899e+07 9.027532446346169338e+06 4.228198597179543972e+08 1.367495911539008655e+07 4.498076753255568445e+07 1.558254892091500014e+07 1.768853136975201592e+07
4.306486877957021594e+08 2.907599246668375283e+07 6.892401065901445225e+06 2.577427930159006268e+07 1.908994932481792569e+07 4.864501496483564377e+08 1.381599723744504340e+07 3.603170239040288329e+07 7.654629179070674814e+06 2.067955598758656904e+07
3.673281548729505539e+08 1.863700346391602233e+07 2.366607998099999130e+07 4.189836100933703780e+07 2.143695614935525879e+07 5.037488315656996369e+08 7.933403201819167472e+06 9.698767190624678507e+06 2.122694443462729082e+07 1.318862430987354182e+07
1.624230447023127675e+08 1.588297878851309046e+07 5.337074559191380627e+06 1.656418591814759187e+07 1.386933469555442967e+07 6.182514943465384245e+08 5.147031015527969226e+06 2.245650361089783907e+07 9.194153180057585239e+06 2.546391080753935501e+07
1.399172303707543373e+09 1.175943237216584198e+07 1.121210943992493860e+07 1.749155680383106694e+07 1.746810315955889598e+07 8.375199895640215874e+08 2.244189393784092274e+06 5.475542329337750562e+06 9.577949377245759591e+06 2.593179992825339735e+07
