5.033778555745753460e+06 5.176939446329832077e+06 4.493273697874560021e+06 2.968112041535834782e+06 1.354109840125439921e+06 5.794677500121085905e+05 9.482822312768392731e+05 2.108901161636255216e+06 3.431948851789209060e+06 4.426532978658396751e+06
4.719419844580578618e+06 4.943190415716218762e+06 4.206571540307450108e+06 2.416343093320799060e+06 5.100162669911583653e+05 5.177145776348231593e+05 4.160882756694135023e+05 1.477850304774970282e+06 2.968385446744049899e+06 4.047439168348654639e+06
4.202113024572043680e+06 4.540843258337262087e+06 3.776129304731877986e+06 1.695074122996226884e+06 5.984103068951687310e+05 1.691037674519265071e+06 1.235232718441433739e+06 8.271189050704275724e+05 2.357509976842559874e+06 3.480208252796739340e+06
3.441425873865131754e+06 3.942339755739365704e+06 3.190529500735522248e+06 8.057880747012224747e+05 1.868308418569117319e+06 3.113808414094083942e+06 2.507480555166610982e+06 9.247650743912657490e+05 1.626881528954698239e+06 2.699937688652558718e+06
2.396740272858288605e+06 3.125987990528678987e+06 2.449866713937949389e+06 3.889869675484386389e+05 3.353167336146708112e+06 4.739086849387267604e+06 3.983591633961923886e+06 1.936973337663095212e+06 9.854445407515213592e+05 1.699830213619765127e+06
1.032795071807745029e+06 2.091920484382304596e+06 1.584248477656393079e+06 1.579756749048370635e+06 5.012469454156727530e+06 6.517892772065064870e+06 5.602888344640010037e+06 3.219062285360924900e+06 1.266949820650309324e+06 6.684954934943073895e+05
7.083800756968099158e+05 9.942953357353606261e+05 7.937590400693964912e+05 2.946009451802423224e+06 6.784389346686241217e+06 8.368920070531929843e+06 7.287818390547125600e+06 4.609953857290892862e+06 2.365537635258241091e+06 1.433516449692430906e+06
2.790326991978151258e+06 1.323733847796043847e+06 1.104869772527365247e+06 4.379637065699825995e+06 8.571808877565354109e+06 1.016909135878105275e+07 8.926980412055086344e+06 6.007552105694413185e+06 3.688789839037066791e+06 3.189818979333504569e+06
5.241032231135897338e+06 3.008756996598077472e+06 2.177568197156792041e+06 5.785613316622305661e+06 1.023606102329727076e+07 1.174766911663422175e+07 1.036994424216469564e+07 7.293144108378749341e+06 5.044867960863515735e+06 5.212188968179438263e+06
8.011851471714670770e+06 4.996177187417685054e+06 3.296225651689597405e+06 7.041523909667093307e+06 1.159462147014393471e+07 1.288572715667696670e+07 1.142845214194612391e+07 8.323140195872101001e+06 6.294777384988538921e+06 7.380703926447019912e+06
1.101254019729680009e+07 7.097451164064005949e+06 4.263392016873179935e+06 7.999422473398094997e+06 1.242526735969581828e+07 1.332513272741307504e+07 1.188654101496525481e+07 8.934870983563497663e+06 7.287362536729767919e+06 9.565857838345168158e+06
1.409195999763129093e+07 9.162324906867559999e+06 4.920914693567357957e+06 8.496882067483583465e+06 1.248020982727397606e+07 1.279342105428055860e+07 1.152425299343753420e+07 8.962771628024479374e+06 7.857013882523438893e+06 1.159514798810044490e+07
1.702511162148401886e+07 1.100896116961898841e+07 5.110852793970358558e+06 8.379075471238132566e+06 1.151396261935329624e+07 1.105647877094411664e+07 1.016317724464462698e+07 8.266232792498840019e+06 7.838934174627132714e+06 1.325001254382626899e+07
1.950498297872420773e+07 1.242179037956254371e+07 4.690055254761466756e+06 7.536740739486621693e+06 9.327998255935557187e+06 8.043081311180769466e+06 7.761261302582421340e+06 6.771996197356828488e+06 7.097095418814293109e+06 1.427514493728223257e+07
2.114415369554429129e+07 1.316661643345764652e+07 3.560626332784204744e+06 5.976007688675666228e+06 5.833760529639951885e+06 4.457449392388776876e+06 4.760326717476360500e+06 4.548345637284099124e+06 5.563804902874249034e+06 1.440284149944322370e+07
2.149341330391691998e+07 1.302099981962124817e+07 1.713389239959568484e+06 4.018125901734581683e+06 1.178053518418722088e+06 5.360198936590581201e+06 4.120249443588747643e+06 2.163293217085504904e+06 3.291723756480291486e+06 1.339847645820488036e+07
2.008738675721099973e+07 1.182069635920413770e+07 8.135643074969508452e+05 3.142606593410118017e+06 4.530370374043446034e+06 1.114746891555254534e+07 8.011030999418996274e+06 2.890308835336207878e+06 7.166652418238843093e+05 1.114047652274643071e+07
1.653402464714213088e+07 9.520489384844608605e+06 3.602070213979496155e+06 4.959195929583815858e+06 1.035556375845494308e+07 1.731509298437635973e+07 1.270836033633123152e+07 5.778652063790092245e+06 2.736135494700258132e+06 7.800332612341669388e+06
1.071774836103018001e+07 6.265804407068802975e+06 6.334775670310451649e+06 7.506067812811168842e+06 1.548049428712661937e+07 2.204156425956000388e+07 1.645523148323759064e+07 8.262745865862900391e+06 5.410530660378257744e+06 4.694998591902638786e+06
4.398990374452128075e+06 2.529294607792216353e+06 8.442352439147809520e+06 9.344090250129541382e+06 1.875595412789471075e+07 2.387966672745765001e+07 1.818020844553897157e+07 9.634271922463690862e+06 7.162405433145860210e+06 6.215689904295033775e+06
1.012020364160557091e+07 2.053867701866825577e+06 9.377955418822046369e+06 9.746714350700762123e+06 1.905485568120532110e+07 2.201121484737113863e+07 1.726924912270751595e+07 9.584766839009152725e+06 7.431596504351022653e+06 1.083701741221452691e+07
2.092323360661325231e+07 5.040673674851454794e+06 8.813972456085763872e+06 8.423604809722144157e+06 1.559778720812120847e+07 1.766514160048926249e+07 1.408394567120385729e+07 8.247199752407763153e+06 5.961873843909963965e+06 1.494994368219544739e+07
3.108129459997607023e+07 6.801544591819638386e+06 7.047961123709968291e+06 5.870503091446614824e+06 8.344894994206439704e+06 1.695002671016651019e+07 1.112757160093444400e+07 6.282058754041503184e+06 3.156726799760592170e+06 1.698597499426380172e+07
3.801353847113654017e+07 6.999104513773226179e+06 5.855447814219901338e+06 4.566023738700986840e+06 1.904689270406153519e+06 2.390447946269744635e+07 1.267498266911091469e+07 4.695626115332718939e+06 2.612870070700723212e+06 1.599474066328990273e+07
3.923885408021602035e+07 6.816232551502109505e+06 7.424286880171053112e+06 6.582014329744214192e+06 1.254753572268638201e+07 3.089214727747350931e+07 1.709158132330100983e+07 3.905867370212608948e+06 5.795591650983928703e+06 1.171898156172687560e+07
3.298225855905267224e+07 8.615745613807972521e+06 9.688665396332878619e+06 8.196951943565277383e+06 2.113208108320990205e+07 3.096414971501645818e+07 1.999311423750226572e+07 3.128090297213827260e+06 7.842979093417548575e+06 4.875129136831496842e+06
1.941672656273821369e+07 1.174153170868056267e+07 9.898058133934510872e+06 6.928221280388173647e+06 2.484509221056075767e+07 2.342516379999982566e+07 1.963541907157817483e+07 1.840301706241679611e+06 7.529185264891802333e+06 3.127584691236799117e+06
7.912194224495640956e+06 1.320845481946756318e+07 6.940287919565970078e+06 2.905279970976626035e+06 2.251818583605246991e+07 2.235594233427458629e+07 1.631460041514984705e+07 5.518508268263124628e+05 5.369814592693747021e+06 9.510394983075803146e+06
2.283564001353761554e+07 1.080853113959117979e+07 1.571219605319862021e+06 4.862407685521764681e+06 1.618719556602323428e+07 3.473465888376846910e+07 1.111644470713490061e+07 1.185886118373708567e+06 5.495536595153312199e+06 1.259196778779802471e+07
3.455724254753025621e+07 4.774955470517225564e+06 3.956604955858613364e+06 9.268063165859250352e+06 1.192065435489365645e+07 3.793674411964140087e+07 5.399330900608837605e+06 1.988511242281898391e+06 9.904187814758295193e+06 1.159711172917863540e+07
3.260953241365573928e+07 7.801507729130377993e+06 6.397339139702809975e+06 9.863256444215979427e+06 1.108460910831073672e+07 2.092637802062718198e+07 5.602991546079606749e+06 2.253879384111034684e+06 1.447997412862457521e+07 7.712760621306371875e+06
1.536985284818546847e+07 1.693136268846525624e+07 5.175459141104749404e+06 7.769924514893819578e+06 6.042261487812314183e+06 1.755479387148379907e+07 1.089154674055797420e+07 2.230578951579881832e+06 1.662244102180978842e+07 3.545240277593307197e+06
1.066328533155576512e+07 2.377472005567580834e+07 4.234466471831728704e+06 7.903620235900302418e+06 4.399875497028463520e+06 3.929431967218568921e+07 1.482686063597741723e+07 2.862403834423930384e+06 1.417598866953803040e+07 1.683999458303394262e+06
2.770897072410347685e+07 2.902721137301350757e+07 3.840104402507207822e+06 1.272307077551586367e+07 1.084680395269413479e+07 2.854823146403550357e+07 1.657488976924152859e+07 3.734623270006781444e+06 7.699305815666135401e+06 2.410831156459060963e+06
2.109535077858374268e+07 3.397170419036553055e+07 2.501558509415012784e+06 2.006579320649674535e+07 1.007535755309790373e+07 1.286052166117870994e+07 1.601714946754451841e+07 1.957839375682437094e+06 6.304289546384312212e+06 7.188926319032028317e+06
1.707536399435775727e+07 3.443480518502359837e+07 1.376905925390780671e+06 2.465068144374199584e+07 1.438855479845978878e+07 4.368240690064679086e+07 1.306758314220269769e+07 7.666033273259035312e+06 5.702547557266065851e+06 1.831493434619965777e+07
5.308615166912336648e+07 2.666042456413779780e+07 8.610957303540872410e+06 2.598212326764106378e+07 1.553476150560509972e+07 2.413469853694113716e+07 9.443254193183561787e+06 1.681363663256674260e+07 6.903805939481329173e+06 3.116228587954618037e+07
5.701651594796431810e+07 2.042865689886321872e+07 1.868959833882922679e+07 1.747801198225146532e+07 2.878332438281340059e+06 2.808201887816577032e+07 1.727714478282331675e+07 1.746450356321897730e+07 1.401315609477600642e+07 3.426764901715228707e+07
2.848064858953952417e+07 2.411787739913780615e+07 9.790497743222840130e+06 1.355256584881529585e+07 1.257605218574851938e+07 3.364952270725499839e+07 1.567632601985161565e+07 1.367266868913823366e+07 9.977947612353105098e+06 2.036125517172678560e+07
6.504505375488085300e+07 1.810972320245205238e+07 1.856803117504001036e+07 2.351544458828267828e+07 1.576881505888718367e+07 3.001009486602666974e+07 5.669685740126354620e+06 1.278499369184931554e+07 8.200116234787003137e+06 5.784012348370024003e+06
5.323298982051398605e+07 3.858323835286950693e+06 2.140334108524850011e+07 3.858801913486283738e+06 1.324931252115852758e+07 3.679277578525823355e+07 1.835452417531918362e+07 1.029093305279308371e+07 6.952480794855479151e+06 1.420991764331250824e+07
4.245699952088243514e+07 2.665093419605378434e+07 8.365634663620626554e+06 1.603638331863227300e+07 6.160523635283120908e+06 6.149477846976910532e+07 1.057462217243424989e+07 3.667792225386836100e+06 1.418034098211413249e+07 1.331910158596639521e+07
1.037251761066914797e+08 2.329378861325739324e+07 2.256681329153513908e+07 1.307825288257735223e+07 1.692584046391429752e+07 3.096244163345219940e+07 7.087307138831098564e+06 1.860205358343495429e+07 5.257155519929260015e+06 1.611141059269327484e+07
1.279807288464813307e+07 5.900699539183857851e+06 1.809415316999459267e+07 2.690939735829739273e+07 9.012143523053381592e+06 8.103637108362126350e+07 1.446862769170788117e+07 7.967592122926501557e+06 9.449281517496796325e+06 2.173346623018877581e+07
1.213022390547827184e+08 1.656178519378629513e+07 1.211137810039863549e+07 1.068626914278150350e+07 2.692140324256016687e+07 2.209179490757525712e+07 1.847538609268799890e+06 7.300501504956997000e+06 1.085168794227517955e+07 9.006610426421685144e+06
5.638786810135712475e+07 4.202739050305529498e+06 1.854403157400439680e+07 1.112298827547311597e+07 2.240385726047245041e+07 8.605860886577123404e+07 2.004961963159523532e+07 1.469539616363294609e+07 1.426004150739865750e+07 1.678907103601942956e+07
1.096918272357896268e+08 2.305872878867376968e+07 1.699315530002453923e+07 4.518626186147724837e+07 2.867325548491114005e+07 6.441472183451587707e+07 2.751562936630437151e+07 1.276882837158896029e+07 3.442793619287759066e+07 2.866658423790620640e+07
2.242213895116325095e+07 2.935786960081351548e+07 2.094022877561440319e+07 8.951487298765653744e+06 3.741609381768114865e+07 2.223727937286279723e+07 1.743752763787165657e+07 7.904802353440830484e+06 1.000721642178948037e+07 1.975480648590313271e+07
1.066704164017327875e+08 1.046428116465653665e+07 1.265795400600100122e+07 1.090830539919928834e+07 3.798511251141622663e+07 3.985600238906281441e+07 2.824891601080210414e+06 1.202780903853831440e+07 2.119842631754107028e+07 1.606709684444257803e+07
1.016214077975370139e+08 3.249332249506665766e+07 2.773010222197340801e+07 1.361372431710048020e+07 1.446564932246513665e+07 5.314555956648858637e+07 1.761085907890658826e+07 1.389685544330625236e+07 1.930258170082259923e+07 9.645943239870943129e+06
5.544405335932733864e+07 5.663851618209420890e+07 1.707156569583036378e+07 1.897569751169660315e+07 2.581006388296293095e+07 1.171333257332547158e+08 3.986388664888057113e+07 2.457234623536662757e+07 1.524141405461627245e+07 2.461813492549772933e+07
1.906115222611646056e+08 2.288093799490179121e+07 4.138452496597680449e+07 3.732699354648562521e+07 3.387425912593806535e+07 1.497215601947716177e+08 1.438025115909296647e+07 8.377694522877204232e+06 1.763705841498425975e+07 1.222134931086448766e+07
9.532966788067454100e+07 9.305485637925876677e+07 2.483134620180717856e+07 1.804926402729410306e+07 3.461763434639811516e+07 8.760682886529682577e+07 4.008189023108981550e+07 3.074489061927681416e+07 6.735183261642082594e+06 2.258713464811716974e+07
2.764752854197632521e+07 5.041922496890810132e+07 2.480194442712507024e+07 1.079354615570514835e+07 4.755022813816959411e+07 1.105733342311887443e+08 4.008733496586140990e+07 2.577510129035571218e+07 3.124268244388056546e+07 1.082825863986855187e+07
6.924935421026876569e+07 3.480399182630397379e+07 2.036667169026815146e+07 1.637219609048388153e+07 2.202806227019210905e+07 1.013806044228366464e+08 3.030476316463980451e+07 1.731696595921522006e+07 2.381405456950861216e+07 3.647310971876816452e+07
5.901737838519828767e+07 6.593153673051872104e+07 1.616461781615129672e+07 4.109662509779298306e+07 8.333160352106082253e+06 1.356960972869310156e+07 2.830451190417223051e+07 1.378844658569795080e+07 2.631867948080730066e+07 5.953187928807190061e+07
1.076713356316732019e+08 4.452810069315487146e+07 1.656491696048992127e+07 6.369944703802184761e+07 2.729735084434656054e+07 5.754831624138703197e+07 5.450665607718960196e+07 8.176787461138925515e+06 9.156228254443509504e+06 5.039978865565817058e+07
6.886492555742296576e+07 8.563652478347629309e+07 3.336912382790619507e+07 2.713920489476039633e+07 6.492739124449190497e+07 2.055798331698904037e+08 2.238862017075562850e+07 3.549691850425502658e+07 2.745458060646991432e+07 2.361991936554126814e+07
4.878386781132971495e+07 8.174670394063003361e+07 4.520084430950908363e+07 6.690062332562061027e+06 1.878157612925183028e+07 1.577693151850117147e+08 2.157707538662311807e+07 1.087643194288443029e+07 2.014843294208091870e+07 1.016808370694486797e+07
3.975303811262784898e+07 4.263169941665985435e+07 1.511142296534938551e+07 8.215673580362991989e+07 1.347871413144986518e+07 1.713126913780035973e+08 1.958675210049332306e+07 3.830954072537469119e+07 1.588623858527790569e+07 8.516853512283274904e+06
1.906002148697552383e+08 9.708439024395002425e+07 6.940794480879345536e+07 9.952900878485882655e+06 8.863117351130284369e+07 7.478926489481846988e+07 2.175535453058168292e+07 3.122024819248295203e+07 2.884607605033124238e+07 1.221615489998303726e+07
2.882306055679678321e+08 8.301451553816448152e+07 2.404202959239173681e+07 5.630953780378152430e+07 5.461360801274564117e+07 2.741476246551283002e+08 4.106108021022631228e+07 5.558435284542907774e+07 3.595061652843718231e+07 3.259163831874444708e+07
1.887073348056329489e+08 5.699428020740634948e+07 2.270316488125369325e+07 2.579572402388294414e+07 7.764898791598819196e+07 1.283194745590680987e+08 6.316880471042096615e+07 3.181441055541735142e+07 3.026921954443162307e+07 6.007156014896435291e+07
1.573613194769552350e+08 6.112334127219040692e+07 3.584012335915267467e+07 9.052473805600218475e+06 3.998830526232746243e+07 5.447574860393319279e+07 1.448777006878992729e+07 3.041236640392867103e+07 2.663765289888260886e+07 2.548365451406585425e+07
3.331142124419639707e+08 1.033646574183981121e+08 5.646191989182192832e+07 7.306152172161900997e+07 4.478524234228749573e+07 8.006730405513891578e+07 1.773144207766784355e+07 3.138101118479816988e+07 4.099207188117553294e+07 1.068301055028477311e+07
1.856751615943451226e+08 1.243120589741464406e+08 4.870010341129472852e+07 2.797648934525227919e+07 8.047840114999783225e+06 6.700429485373068601e+07 4.616271076388664544e+07 4.621987140598570555e+07 6.102663468685127050e+07 6.400571433863114566e+07
5.224664573033134639e+07 4.223227038344468176e+07 5.672830986423146725e+07 7.660031674698087573e+07 4.142859890309429169e+07 1.664510774225347042e+08 6.463166591453702748e+07 1.720011640699028969e+07 5.004290064602366090e+07 4.741260683338255435e+07
3.610703382538429499e+08 9.561872869254560769e+07 8.322222340412927791e+06 3.966839881782801449e+07 7.390652242305980064e+06 2.278973094713308513e+08 3.596157125900346786e+07 6.472377928615536541e+07 2.187899333278062940e+07 4.679810503256944939e+06
3.257873184046253562e+08 2.483954647569515929e+07 5.851232952280545980e+07 6.421387187693826854e+07 5.102000679784218222e+07 2.287372102130597532e+08 1.005600288919947483e+07 4.232797642087562382e+07 5.915293202113611251e+07 8.086050124362920225e+07
3.987283083297185302e+08 5.989718013565446436e+07 4.817262031303548813e+07 5.281084360407487303e+07 4.599396084875840694e+07 2.521666773268832564e+08 2.832879266955350339e+07 4.922597762142227590e+07 7.851343964581543207e+07 6.072620012808114290e+07
3.547299749958152175e+08 7.634829322648663819e+07 3.427739043892612308e+07 1.487489738230880536e+07 1.049774720598420948e+08 1.739314442763887048e+08 6.645045091752301902e+07 1.796774357953580096e+07 4.768685763292735815e+07 3.706046111101331562e+07
3.016186381758504733e+07 6.209517975741431117e+07 7.829839816033332050e+07 5.009675898299727589e+07 1.632686789507996663e+07 3.010986948245371580e+08 6.070577711694055051e+07 3.612681571391768008e+07 5.494914588677234948e+07 4.629746125557164103e+07
4.405070925410565734e+08 7.050754522350047529e+07 6.460046060614078492e+07 4.193986800092650950e+07 5.720103397883861512e+07 2.615880152852823436e+08 5.289062100280371308e+07 1.783412890550393239e+07 5.418308433240167052e+07 2.470262699937606603e+07
2.337375566790204048e+08 6.990805164166857302e+07 5.758805970192492753e+07 3.529666564999895543e+07 1.822857639961052686e+07 6.518367884019290656e+07 1.076544884364349581e+07 9.347460444473968446e+07 3.233863385484208167e+07 2.097986830460460857e+07
5.493144080540155172e+08 7.339855591662095487e+07 4.479029366133029014e+07 5.823460741371291131e+07 7.465003996924149990e+07 4.689229636869525313e+08 8.336622623675148189e+07 6.449709579844455421e+07 1.962081578546620533e+07 3.582663587963207066e+07
5.209960604632929564e+08 5.244555552356710285e+07 2.194957320120627061e+07 2.173429151282253116e+07 9.639878154748009145e+07 9.774220654068993032e+07 6.330254662503999472e+07 3.820723511743309349e+07 2.352348431905084103e+07 7.571788992357547581e+07
5.510514659133561850e+08 1.457568769230125844e+07 6.155321475124195218e+07 3.539618737003523856e+07 9.225731820210887492e+07 1.978985985354987681e+08 2.880760045442637429e+07 3.110582978335138038e+07 3.146803304314336926e+07 5.092437338538859785e+07
6.389065437334126234e+08 5.139595122634666413e+07 6.113293741272055358e+07 2.841169091771922261e+07 7.339055565049287677e+07 2.477165958926589787e+08 8.519480481298586726e+07 3.730906902616056800e+07 4.671380405222130939e+06 4.206193457833268493e+07
2.155368023621639013e+08 3.443601275944113731e+07 3.184708691108934954e+07 2.078511529692079499e+07 3.488151874490865320e+07 4.204216586409782171e+08 3.251528858703126758e+07 2.197982366505353898e+07 2.578441492406807467e+07 3.723310663502850384e+07
8.435725148159791231e+08 1.921019459202931076e+07 5.947589928401026130e+07 2.439504838889491558e+07 3.775364341601815075e+07 4.409731621704606414e+08 4.014152704758795351e+07 1.484962645168853737e+07 5.871991429688443989e+07 1.574333156200852618e+07
6.110178945789715052e+08 1.478648768953673728e+07 7.321956578023363836e+06 1.010528430419843830e+07 8.907914698819087818e+06 3.870942910517407060e+08 2.957055600518434122e+07 2.806362379487304017e+07 7.412111036723627150e+07 6.609566163134736568e+07
6.271625955091228485e+08 3.407551285588249564e+07 1.631486905550318584e+07 9.012525881925055757e+06 6.257508262230791152e+07 6.501603190119463205e+08 3.695152445767978579e+07 3.652253096361898631e+07 7.152930713329980150e+06 5.049286620386319607e+07
9.363363129770604372e+08 2.541540682155006006e+07 2.663615475868433714e+07 1.911276729769170284e+07 8.851113507633693516e+06 2.809599974637323022e+08 2.015529254489966854e+07 7.222541810850165784e+06 1.288537078696732596e+07 2.912704340709585696e+07
9.175171602511456609e+07 2.314490462359598279e+07 1.390838571509631537e+07 2.144409026353511959e+07 3.688087978733033687e+07 2.886858590061706901e+08 3.916595585010255128e+07 7.138512138510172255e+06 2.461464160484527424e+07 5.024649820822483301e+07
7.169239525976613760e+08 2.679163143106472492e+07 1.619826550634032302e+07 1.044672130537449010e+07 2.060580976648703218e+07 4.524245887936061025e+08 3.560288061688567698e+07 5.472161542352484539e+06 2.067778154157467559e+07 5.021109583279577643e+07
6.662628307625844479e+08 3.827014596403793246e+07 2.304463052443402261e+07 1.040192409092450514e+07 3.036314647815902904e+07 7.857154243509635925e+08 1.654348559755348973e+07 2.796569273298582062e+07 1.018279917835740931e+07 2.293704256483486295e+07
5.598270331478805542e+08 4.188203539529277384e+07 1.367965436595572345e+07 2.270070581919046491e+07 3.601879313723594695e+07 8.357306457816517353e+08 2.975776354183803871e+07 1.982854281622868404e+07 1.491702711267863959e+07 1.326835179396590218e+07
8.588059549356366396e+08 2.499960414543056488e+07 6.593406646284211427e+06 2.432314859469929338e+07 2.310145315772107244e+07 5.752126929536677599e+08 3.999890057481849194e+07 2.216619400327517837e+07 1.545144536240258254e+07 1.505841530505942553e+07
9.355720240049155951e+08 1.827130904654406011e+07 1.290626308413397335e+07 1.427991923204395734e+07 7.795500593238115311e+06 4.059675104478887916e+08 1.756559781722267717e+07 1.025655391375116631e+07 1.803318785188578814e+07 6.153870194459591061e+06
7.507329410515102148e+08 1.514322396689616889e+07 1.269750434241908044e+07 6.116277953001932241e+06 4.759509942183396965e+07 1.197383797882887125e+09 1.757946123299182579e+07 7.584983046257121488e+06 2.630524795189940836e+06 2.882210399522448704e+07
8.181769347908695936e+08 2.977848317700786516e+07 2.019809892366892472e+07 1.551538432284709811e+07 2.609674614669115841e+07 8.924556504071202278e+08 3.038242373782861233e+07 3.912460723546598572e+06 1.729991654746762663e+07 1.382727476294966228e+07
2.204902401563435197e+08 9.088433708676435053e+06 1.296546816848259233e+07 1.212959539849696867e+07 4.388224906399232149e+07 1.754375685548309803e+09 2.207577497503808886e+07 1.518092466074751131e+07 1.583132708638614416e+07 3.724298497163337469e+07
