6.214212694542485988e+05 1.817307721650179010e+06 4.137066147665792610e+06 6.791873304297899827e+06 8.665161032224569470e+06 8.943665974519582465e+06 7.518147072423012927e+06 4.990040659768825397e+06 2.428599868290696759e+06 8.152353310818601167e+05
3.526405269916364923e+05 1.121037842509227339e+06 3.821005342576695140e+06 6.943592538779085502e+06 9.142365592840643600e+06 9.452841375979553908e+06 7.757822822511101142e+06 4.771763560215394013e+06 1.776397644900390645e+06 9.580204277682097745e+04
1.392881860775301699e+06 3.183577389587356010e+05 3.371652655612558592e+06 7.011889306401935406e+06 9.566833545967696235e+06 9.905238129559021443e+06 7.907638083833595738e+06 4.412345275013546459e+06 9.540478410140972119e+05 1.158282353800746845e+06
2.627112683227820322e+06 8.282849572432987625e+05 2.782103767879985273e+06 6.983186628517212346e+06 9.917112463397858664e+06 1.027564347598617151e+07 7.946761776727897115e+06 3.900102421415120363e+06 3.270493559838681831e+05 2.416927736732206773e+06
3.995418983768238686e+06 1.980462614222227130e+06 2.054016831469893223e+06 6.847230548583327793e+06 1.016948205596695468e+07 1.053579549545402452e+07 7.856930621537267230e+06 3.239523910731177311e+06 1.397289232501152437e+06 3.832063925952856429e+06
5.438144738200050779e+06 3.247273737514343578e+06 1.201161827209867770e+06 6.599607606290905736e+06 1.029880018524598330e+07 1.065585296778756194e+07 7.627137668605526909e+06 2.479444801723206416e+06 2.785600679436188657e+06 5.355177893146446906e+06
6.866958429313440807e+06 4.556230305341791362e+06 2.567862751251644804e+05 6.244873869175205939e+06 1.027984396076871827e+07 1.060733501066555455e+07 7.261656388478787616e+06 1.817014913341811160e+06 4.317274443118910305e+06 6.908729054758497514e+06
8.160280473958655261e+06 5.816986532182600349e+06 7.518519372423097957e+05 5.800194949566515163e+06 1.008922522324864753e+07 1.036856322274244018e+07 6.793509661641551182e+06 1.803548443339747377e+06 5.918528263061948121e+06 8.381666285468868911e+06
9.163882697407957166e+06 6.915045737952436320e+06 1.733970735499718459e+06 5.299165112891420722e+06 9.707909291101511568e+06 9.934451308372408152e+06 6.305257694201421924e+06 2.679029159284531139e+06 7.492244449964806437e+06 9.628328472225941718e+06
9.698542793155552819e+06 7.717874859249229543e+06 2.619503836668008938e+06 4.794879570290610194e+06 9.124273119826227427e+06 9.333870002776598558e+06 5.950941484462516382e+06 3.962381368621588685e+06 8.913139833669519052e+06 1.047309923271202296e+07
9.577946195999452844e+06 8.091204762862489559e+06 3.319122931486638729e+06 4.359815567077592947e+06 8.337497425354839303e+06 8.659004507004136220e+06 5.941790859162295237e+06 5.329681437035242096e+06 1.003242044595156424e+07 1.072399059735101461e+07
8.640236418925361708e+06 7.930015746239601634e+06 3.756868605135324411e+06 4.077509293982651550e+06 7.360909097492781468e+06 8.104971174446630292e+06 6.435929447740112431e+06 6.592540817650259472e+06 1.069127314815746807e+07 1.019894307723938860e+07
6.796882795018365607e+06 7.213120383169935085e+06 3.907576080311720259e+06 4.022121428130362649e+06 6.224740663966367021e+06 7.978604057149928063e+06 7.402686130712945014e+06 7.592965991149245761e+06 1.074612241008948535e+07 8.770130888327917084e+06
4.114130169563177042e+06 6.102291190439190716e+06 3.864987037620481104e+06 4.236838194789603353e+06 4.977869861392913386e+06 8.568212760620238259e+06 8.639744506415614858e+06 8.190312679073820822e+06 1.011023246945435740e+07 6.443225729246645235e+06
1.357956924231736455e+06 5.110724237791931257e+06 3.923499200310965534e+06 4.733857807852914557e+06 3.689194044867848046e+06 9.901849943388473243e+06 9.884027319871412590e+06 8.282633181674433872e+06 8.821709498110504821e+06 3.621454402568187565e+06
3.476795861406666227e+06 5.049402565695006400e+06 4.482138369194267318e+06 5.507622434219319373e+06 2.454727133420290891e+06 1.170305017013727129e+07 1.087968155251256190e+07 7.848582742322918028e+06 7.167736138323709369e+06 2.976799956387707032e+06
6.633300594291392714e+06 5.947164492804720066e+06 5.618743578650309704e+06 6.527188442774242721e+06 1.445628676246832591e+06 1.354817649626649730e+07 1.141299852603127621e+07 7.008456426359673031e+06 5.901465119896349497e+06 6.061429600156029686e+06
8.660026933774586767e+06 6.756689215630963445e+06 6.979425373796267435e+06 7.708662977929457091e+06 1.079280850548127200e+06 1.496867846120065451e+07 1.136012258786835335e+07 6.092555148106798530e+06 6.050489190595017746e+06 9.207684713320296258e+06
8.803559998978374526e+06 6.479680534672553651e+06 8.088584842089379206e+06 8.899082608749778941e+06 1.443411901750018587e+06 1.547910791141234338e+07 1.077190840632797219e+07 5.601088255600023083e+06 7.399911005164599977e+06 1.101520702912251651e+07
7.042592318620963022e+06 4.601724780392686836e+06 8.547591409842595458e+06 9.890891142076222226e+06 1.836564878204909619e+06 1.460940216300835088e+07 9.995720129260443151e+06 5.773826696392886341e+06 8.671783189979109913e+06 1.071536774447104335e+07
5.775375284952283837e+06 1.778569764068979071e+06 8.138826033974338323e+06 1.046448469073963165e+07 1.889180484435586026e+06 1.199601537696180120e+07 9.706858316435804591e+06 6.195302742046253756e+06 8.920973039395418018e+06 8.046560167469283566e+06
8.860787832657305524e+06 4.224812868664700538e+06 6.902683462974417023e+06 1.044353964459236711e+07 1.406987040542139905e+06 7.700365096884686500e+06 1.044175863824259676e+07 6.264665132603769191e+06 7.738974562784227543e+06 3.666003141375782900e+06
1.266438295445345528e+07 8.086364690947359428e+06 5.132043702635506168e+06 9.741262344977045432e+06 5.206881675807434367e+05 4.925448415006028488e+06 1.185574786350450106e+07 5.752302194001003169e+06 5.274474463285821490e+06 3.106341574821832590e+06
1.290687785842326283e+07 9.813174573664881289e+06 3.197178496221256908e+06 8.379208907932999544e+06 2.017624188989205984e+06 1.106751126693935134e+07 1.295505977926259115e+07 4.973265327024809085e+06 2.572432022954600397e+06 6.855419669083452784e+06
7.732499500442282297e+06 8.136744162824665196e+06 1.226753578632006887e+06 6.477318183490273543e+06 4.639139226209327579e+06 2.012751975210839137e+07 1.285852081955900602e+07 4.491848545703759417e+06 2.946607888233638834e+06 7.830260459439179860e+06
5.969107132457005791e+06 4.131087027409261558e+06 1.005707339115092414e+06 4.219119320967866108e+06 7.450959899048330262e+06 2.861043165392472222e+07 1.131542599822145700e+07 4.135025877943295520e+06 4.749203479261969216e+06 5.358662611250810325e+06
1.644069874643027782e+07 5.624696210118876770e+06 3.555588000415529124e+06 1.779927531196372351e+06 9.653136016923336312e+06 3.416165705705199391e+07 9.233200820620415732e+06 2.950368931595604401e+06 5.391177147574548610e+06 6.160057229606552981e+06
2.165675129404129833e+07 8.634972524332212284e+06 5.990776653050379828e+06 1.326556176668974105e+06 1.037346922895170934e+07 3.450710437743661553e+07 8.839737643347959965e+06 7.106152098958174465e+05 5.204929685934597626e+06 1.281470291028721444e+07
1.657887521931772493e+07 6.065217512015314773e+06 7.453552184198765084e+06 4.522760614101780578e+06 9.135141929699838161e+06 2.803291932315647975e+07 1.069279326567741111e+07 3.019435663762982003e+06 5.169344649308741093e+06 1.684605737922279909e+07
1.323156880342664570e+07 2.368849498396461830e+06 7.166681838449335657e+06 7.924532402967946604e+06 6.588046235647347756e+06 1.481383286208316125e+07 1.267907443087412417e+07 5.559145660713952035e+06 5.468563523611370474e+06 1.478402429550791346e+07
2.245095200028976426e+07 1.158299129771070182e+07 4.837988439228555188e+06 1.011570702263806947e+07 5.148241988773857243e+06 5.400823983259817585e+06 1.417255949636854231e+07 6.386483203913314268e+06 7.564209824067458510e+06 9.098750911752449349e+06
1.715727381895344704e+07 1.449022559705217928e+07 9.872939322131199297e+05 9.775271647736908868e+06 5.562046866720223799e+06 2.169070330330323800e+07 1.617908270640606619e+07 7.217504559764087200e+06 1.107772293127193116e+07 1.045198639135523885e+07
9.454085794135989621e+06 7.729005547192553990e+06 4.289342749717726372e+06 7.516202712111960165e+06 4.801672463367748074e+06 3.247405353924025968e+07 1.801151795190724358e+07 9.892655654941137880e+06 1.125759860208196193e+07 1.257626133324044757e+07
3.300477874258975685e+07 4.294628385221862234e+06 6.888214819511085749e+06 6.415243806459082291e+06 3.658602141012588982e+06 3.398393155043083429e+07 1.680483232974309474e+07 1.077667815226086974e+07 5.986771261529946700e+06 7.713339826219134033e+06
2.787786911961589009e+07 1.024075316921711527e+07 3.561561150746420957e+06 9.588519793633969501e+06 6.049120367507745512e+06 3.743350870662174374e+07 1.149299103752400726e+07 8.790075085401201621e+06 2.866994318409780040e+06 2.228474609137312975e+06
1.165247151682193950e+07 6.132306538736852817e+06 4.816695962480245158e+06 1.554706297474488802e+07 9.389500565156847239e+06 5.727673610442984104e+07 6.289345406855727546e+06 9.911808108293980360e+06 1.587145131791092455e+06 2.612414081839996390e+06
1.606321571037810668e+07 2.622704063935323618e+06 8.074945259902700782e+06 1.711952331556182355e+07 1.326088034939700551e+07 7.691562667084605992e+07 5.443571968122886494e+06 9.840732813681822270e+06 5.977279372640273534e+06 9.584496315686851740e+06
2.595432983948726952e+07 4.584428851056374609e+06 1.768963773682233645e+06 1.116399492705594376e+07 1.548560751323343627e+07 7.531504228478790820e+07 7.374108685093211010e+06 5.611373557784839533e+06 9.511065950750706717e+06 9.237039991693751886e+06
4.062206072494744509e+07 2.488528092853090726e+06 9.547977023973187432e+06 5.096353367950618267e+06 1.293111534674735181e+07 5.010738108189723641e+07 1.490211654741279967e+07 7.352712028566654772e+06 2.731020743766500149e+06 5.371510068759164773e+06
1.750780989689727500e+07 3.003198605801084079e+06 5.934560733024996705e+06 4.784279872567960992e+06 8.620214094927992672e+06 3.179514474136979878e+07 1.599266595749187469e+07 9.645812489902537316e+06 6.657955325855811127e+06 5.998152173665100709e+06
4.726848237143124640e+07 4.556374389872931875e+06 6.527644595434757881e+06 1.077096514154354669e+07 6.578653220175019465e+06 2.801123331201214343e+07 1.020512453356283531e+07 8.594765476989557967e+06 1.186629240220388956e+07 3.881314742683897726e+06
2.784109579506216571e+07 3.142825829854362644e+06 2.569405749325536657e+06 1.196145660066272318e+07 9.270445828189441934e+06 3.513609082769815624e+07 6.683313853727755137e+06 6.403584935239012353e+06 1.218733968887370080e+07 2.211505758533561137e+06
4.050879916993598640e+07 4.289118543268524110e+06 3.885890503549666144e+06 1.359676203507595137e+07 9.032054247246377170e+06 8.462521107309336960e+07 1.210853012060518563e+07 7.352932374020131305e+06 1.601444058996581705e+06 2.114369808880608529e+06
4.550102196818161011e+07 9.384302033334163949e+06 5.638426277029175311e+06 7.971758776914843358e+06 2.698951285060264170e+06 8.661598333024209738e+07 2.529402700657116249e+07 8.459918740077428520e+06 5.839836402567980811e+06 1.180588981042806059e+07
1.562531457234033756e+07 1.408846717744202353e+07 1.025990463348164409e+07 6.613656116881006397e+06 7.791861652173561044e+06 5.461442549149194360e+07 1.350078770878150314e+07 1.017838585457348824e+07 2.806665707488098647e+06 1.305445341300745867e+07
2.838940067384959385e+07 1.971201999545137212e+07 1.453894058468707651e+07 6.127096123133095913e+06 1.715321029700777307e+07 8.641403186338752508e+07 1.955885527640261874e+07 5.245825440769280307e+06 1.348135879325559828e+06 1.406683588175105304e+07
5.167265954206045717e+07 5.827071716896212660e+06 2.143590734214314446e+07 1.033485270801212452e+07 2.299221784272568300e+07 5.565663937674658746e+07 2.627483276749973372e+07 1.335447779072111100e+07 9.941617162697277963e+06 1.414665806473306566e+07
5.910387219009519368e+07 1.095835378097067401e+07 2.454938078457672521e+07 1.357867267595865019e+07 1.286238301633501053e+07 7.080489319423776865e+07 2.061690946130198240e+07 6.886214633681789041e+06 1.634845975853224657e+07 4.178086594989902340e+06
5.631558141400183737e+07 1.383587859684641287e+07 1.076173360642177798e+07 1.860465817383166403e+07 2.225968497744055092e+07 4.980140253654348105e+07 8.804351317327706143e+06 1.631470162699543498e+07 1.159918461026469804e+07 1.452569621253380179e+07
5.520540295753493905e+07 1.851397782427402213e+07 1.358653580233203061e+07 1.331654018783573993e+07 3.737295612662703544e+07 1.407265156046853960e+08 2.049991942083535716e+07 1.697609165650292858e+07 2.631978649054897577e+07 1.320341599467323907e+07
4.618688916522876173e+07 2.006430967274567485e+07 1.966354300824768096e+07 2.052994728342893766e+06 2.010383276143830270e+07 3.652108363254486024e+07 1.547792711898414232e+07 1.239967575842648558e+07 1.530911106344548985e+07 3.270629022207567934e+06
5.474158655039874464e+07 2.384357989150619134e+07 2.385287930882959068e+07 1.606321843312785774e+07 1.447087374864282832e+07 9.463795733191935718e+07 1.485919624638560973e+07 1.625843070666805282e+07 8.731818288550877944e+06 1.179050951976387948e+07
6.174966308678571135e+07 1.641421226936421730e+07 1.571432441528826952e+07 1.244624499261017144e+07 4.582756878546745516e+06 1.215203027842302918e+08 1.521128323849078454e+07 5.650206765941374004e+06 2.257087511081669107e+07 1.487962219021764211e+07
8.944347158922532201e+07 3.021135520708083734e+07 2.295555963618359715e+07 7.111560534990782849e+06 4.173616546542759985e+07 6.936099141937598586e+07 1.361762014954093099e+07 2.030022520890177414e+07 1.749329905740282685e+07 1.042639515490590408e+07
8.431295331873138249e+07 1.989642580854982138e+07 2.468986800345480815e+07 2.335563524947116897e+07 2.470585561116031930e+07 1.518578868583551049e+08 1.472824031729720905e+07 1.275574754742959887e+07 6.948285198357647285e+06 2.618405138295234740e+07
5.236522619577676058e+07 1.122702046817352995e+07 2.077004665989029035e+07 3.484906644951536506e+07 1.543194326147410646e+07 1.352079185876430869e+08 2.523093440116650984e+07 7.942661867900464684e+06 1.637211452886872366e+07 1.931021738266203925e+07
7.043717845789654553e+07 1.613545284210226871e+07 2.063873844034965709e+07 2.683886693581916019e+07 4.730369495090406388e+07 1.536674417279559076e+08 9.982476580374853685e+06 1.534728093634441495e+07 1.094190243236749060e+07 2.030880417467227578e+07
8.353750920262661576e+07 4.378630535814254545e+06 1.468272832696723752e+07 2.107812842243909463e+07 5.111802427601735108e+06 1.084934389195918292e+08 9.658533359471911564e+06 2.030312381842844188e+07 2.839254688567133620e+07 1.550808763544114493e+07
8.100728826093085110e+07 2.678801339753552526e+07 4.909656773154004477e+06 3.072900851843707636e+07 3.274434907875260711e+07 3.036849153669533134e+07 1.733918771091919765e+07 2.540482262493954599e+07 5.237766700061459094e+06 3.782314353761281073e+07
9.128175621059314907e+07 2.496003781574846245e+06 2.153137610658062622e+07 1.453667088221349753e+07 1.841256818016120046e+07 1.587152344347329438e+08 2.423527378521452099e+07 1.872922339290496334e+07 3.222519869691082463e+07 2.978695938037690148e+07
1.623359345343379080e+08 1.459527421502155438e+07 2.850197909993959591e+07 2.954781426209521294e+07 1.494478366007047147e+07 1.434651240965679586e+08 1.998486292961191759e+07 1.412118554516393878e+07 5.028533247788286768e+06 1.652346881771040149e+07
1.423373398938752413e+08 1.804664266901803017e+07 2.184731881912056357e+07 2.509039976575343311e+07 1.006036688892668672e+07 5.715804797574405372e+07 5.110559582998338155e+06 1.156298219163179956e+07 2.596928270425298810e+07 2.949219945737157762e+07
1.489315790679380298e+08 1.050215553238601796e+07 2.023000467273294553e+07 2.106255064620896429e+07 2.178986494887237251e+07 1.819640944117685258e+08 2.477148767526794225e+07 3.942116221771478653e+07 1.825254752510939166e+07 4.803780476710090786e+07
1.073124134367359132e+08 6.590630333162111230e+06 5.587353869073767215e+07 2.307427183559689671e+07 2.745640321818719804e+07 1.813270383763539791e+08 2.576849745716657490e+07 1.925234116381808743e+07 1.980266837330218032e+07 4.259017754765575379e+07
1.537120676794132888e+08 4.104675828862738609e+07 2.787195813961703330e+07 2.439230588798393309e+07 3.864792780419315398e+07 3.316565328423933983e+08 3.078147931953453645e+07 2.583241237807113677e+07 1.201414720719142817e+07 1.375562987712953798e+07
1.184005249828209430e+08 1.923603099134616181e+07 1.671987867580176145e+07 1.589832206655218452e+07 4.221338840298558027e+07 1.478954922128379047e+08 5.540273703651777655e+07 2.893327197566106915e+07 3.211816436050433666e+07 1.214108269554383866e+07
1.653689148930614591e+08 2.391965608338744566e+07 3.398564235680418462e+07 1.128871881463482045e+07 3.238240830846105143e+07 2.093219652968898416e+08 5.014147895650032908e+07 1.366311244550319947e+07 3.365288188645801693e+07 3.497047832563927770e+07
1.223204549491607696e+08 3.730813547500357777e+07 2.279681227851665765e+07 3.481629032952383161e+07 4.616116294164656848e+07 2.600080121763178706e+08 9.256908768187871575e+07 5.753669459096217155e+07 2.935981966456111148e+07 2.753042482899961621e+07
2.018568113930950463e+08 2.747217571580452472e+07 8.816254154801426455e+06 4.759009753921944648e+07 1.219485550217406265e+07 3.004513725145301819e+08 2.390205694372850284e+07 1.367567857375038043e+07 1.798435683134389296e+07 1.262444835056180507e+07
2.282295938553112745e+08 9.230752579358376563e+06 1.996622460204989091e+07 3.131850360362435877e+07 3.589393223122453690e+07 2.882225089228713512e+08 5.710010227876087278e+07 9.809100127789000049e+06 4.858049356552634388e+06 1.181483210322624771e+06
2.008639292466102839e+08 3.504220036854229122e+07 5.027710566666880250e+07 1.351933017969455197e+07 3.938262116736046225e+07 1.706904630972666740e+08 5.957223585142167658e+07 1.498450845215134509e+07 6.122843405116803199e+07 3.554342367551897466e+07
1.259101461717768759e+08 2.773116198114895821e+07 1.402129564108512364e+07 1.909632399957606196e+07 2.385134980179685354e+07 2.962761307530999780e+08 3.078294451263250783e+07 3.894268514743211120e+07 6.124930179481573403e+07 3.377259530858579278e+07
2.118917847791642249e+08 2.833286765609036759e+07 2.809523945197982341e+07 4.247869009538690746e+07 6.999579319104559720e+07 3.273157260957155228e+08 3.988120154517973959e+07 4.822083204986383766e+07 1.097987922659093514e+07 1.168303324571911991e+07
1.809045982010565698e+08 4.415237875507683307e+07 2.203126408192113414e+07 5.105610738388111442e+07 6.052251865322341025e+07 2.288064632613646686e+08 2.340222846163817123e+07 3.722837002020872384e+07 1.966896556729114428e+07 2.844304092262768745e+07
2.356481980681855381e+08 2.520089320857796445e+07 2.933713938362615183e+07 4.756481827681988478e+07 1.968886959633818641e+07 3.594247290076670051e+08 8.056162517948378623e+07 8.527708022008959949e+07 2.106133907640121505e+07 1.584818921714822575e+07
1.364206546564907134e+08 5.484045280077093095e+07 1.012851768360266089e+08 5.889569944621463120e+07 4.007906960306558758e+07 4.661332378885583282e+08 3.008069901812174171e+07 5.390687042270961404e+07 3.182448111768716574e+07 4.799803411390125006e+07
2.126822910455839336e+08 5.583164247265678644e+07 7.090359318617318571e+07 2.481034622469370812e+07 5.185238773324260116e+07 3.055338872516139150e+08 3.376990391968550533e+07 3.787849431611960381e+07 5.319760208677650243e+07 4.223235806728224456e+07
2.569765343676941693e+08 1.625499371488473378e+07 2.770946029703767225e+07 2.948486550816121511e+06 3.773910956795083731e+07 5.288956275771560669e+08 7.365554473410186358e+06 2.437794911355673149e+07 4.060884965816759318e+07 4.993850268795787543e+07
3.532827707749936581e+08 1.004288959514435194e+07 5.192005390103348345e+07 5.847438922895453870e+07 2.700860643242870644e+07 7.544699290986329317e+08 2.908739234461840242e+07 1.905340136872695386e+07 3.603794566990552843e+07 4.769755899917538464e+07
3.082515024503237605e+08 4.891583871453727037e+07 3.698717152844770253e+07 1.454973302197010629e+07 8.563006133683988452e+07 7.560310428811591864e+08 1.817835381065966189e+07 5.314899173648611456e+07 2.004680647632052749e+07 3.155760026576072350e+07
3.406672005000729561e+08 3.115402949434378371e+07 2.774251065641618893e+07 9.196731819854727015e+06 4.150973924006243795e+07 6.453621657858760357e+08 2.407806076665998995e+07 3.825929408936554193e+07 3.257463370946136862e+07 3.933302286079642363e+06
1.897874896962448359e+08 4.188296639922558516e+07 4.708228655050244927e+07 3.809220121053037047e+07 4.978493823331418633e+07 5.386546874051840305e+08 2.727554414891902357e+07 4.570009574410816282e+07 4.673397975680794567e+07 8.340843309822984040e+07
2.377081499184912741e+08 4.550876920811711252e+07 5.720306580349362642e+07 4.209882651636683941e+07 1.797195605487966910e+07 7.422980444283196926e+08 3.612303977234715223e+07 5.353616741569573432e+07 4.063072328709629923e+07 1.963055934196172655e+07
5.278499374257126451e+08 3.596608530686276406e+07 1.177635617979260907e+07 3.221059048445459083e+07 2.495725327754653990e+06 9.852610926087489128e+08 2.879028437558054551e+07 4.816058755321320891e+07 5.385365347892986983e+07 2.392437810827269033e+07
5.969202246890597343e+08 4.160311731322892010e+07 3.368991713381745666e+07 1.738539012509530410e+07 5.380547275425672531e+07 1.162458930672878265e+09 2.844446844058130682e+07 4.810658001090990752e+07 2.018960038590987027e+07 8.580996906238684431e+06
4.912351398697211146e+08 3.500548455014567822e+07 2.110977725103763863e+07 1.060616348790338263e+07 1.808056852311260253e+07 8.003256291560384035e+08 1.431307419294337183e+07 1.340996264626455493e+07 1.808403998683585972e+07 9.660948838345525786e+06
6.961633494191657305e+08 1.641224592830793746e+07 4.745674223006125540e+07 2.608554180534815788e+07 5.426681729148322344e+07 1.068991200024449348e+09 2.844876546733530983e+07 9.461246064861956984e+06 2.639539603126562759e+07 1.122564462684766948e+07
7.281541941302924156e+08 1.511709677140855417e+07 1.839225009185146913e+07 3.664219926184912678e+06 2.562633410690324754e+07 7.504409275007078648e+08 2.430003977436017245e+06 1.124319515462356433e+07 2.119693258485800400e+07 6.667436688054531813e+07
7.825206855163885355e+08 2.514089800536275283e+07 2.203693267658526450e+07 3.476909691507916898e+07 2.657160147079584375e+07 9.249439914263604879e+08 4.315195452958799899e+07 3.693191881896033138e+07 2.236342814921977371e+07 2.186298791761266068e+07
9.519357951432577372e+08 1.909926509020861983e+07 1.680592506508375332e+07 1.238127257894509286e+07 7.522261902702447958e+06 1.874028018478887558e+09 3.587221121928127855e+07 2.577522183312215284e+07 2.888972340553818643e+07 2.864246599829043075e+07
