5.576892257717329776e+05 3.260535016186147113e+05 1.900590954635444563e+06 4.365138345004498959e+06 6.564395801423381083e+06 7.384959656360381283e+06 6.406911289787295274e+06 4.139252430630184244e+06 1.695359400496102637e+06 1.751612562159881636e+05
1.310657660949183162e+06 6.866091203449955210e+05 1.425606276390719227e+06 4.260898440051172860e+06 6.839119786413786002e+06 7.799628581136758439e+06 6.643016766823851503e+06 3.982785579084476456e+06 1.164101975706815952e+06 7.319924899822033476e+05
2.179430189235708676e+06 1.473796958336882526e+06 8.708140364126734203e+05 4.056496600178450812e+06 7.047730512041251175e+06 8.158391388212764636e+06 6.803805165353814140e+06 3.714407183459793683e+06 5.104723830890750396e+05 1.566789615199818974e+06
3.115548018451891374e+06 2.375716230723899789e+06 5.048037729533039383e+05 3.741417016400455963e+06 7.169419959285004064e+06 8.434501423865480348e+06 6.866345371974883601e+06 3.320640048255841248e+06 3.225418887279573828e+05 2.497841848733427003e+06
4.062720338401947170e+06 3.329960443561380263e+06 1.019837164003066719e+06 3.310881972727905493e+06 7.181737684974680655e+06 8.595620204604770988e+06 6.805573031657631509e+06 2.792319119683333673e+06 1.206201929281979101e+06 3.478409949735823553e+06
4.942523439806438051e+06 4.269829788468588144e+06 1.886852792177075287e+06 2.770280511006930377e+06 7.061749043993550353e+06 8.603506953875347972e+06 6.595307359254710376e+06 2.127281563258511480e+06 2.191800633682074957e+06 4.444930124511692673e+06
5.651629652134891599e+06 5.107544920553949662e+06 2.828227246891485527e+06 2.143731175099519081e+06 6.787884696065306664e+06 8.414069526539526880e+06 6.209878117935650051e+06 1.333541511490158271e+06 3.218492508934540674e+06 5.310976097744463012e+06
6.063900914322323166e+06 5.732613722391551360e+06 3.748752527530403342e+06 1.498141821243044455e+06 6.342712511494388804e+06 7.978012355246912688e+06 5.626503755825224333e+06 4.331288584792937036e+05 4.219136051318722777e+06 5.967399599775924347e+06
6.038942971622437239e+06 6.016394222795340233e+06 4.556007953999334015e+06 1.032138269691517111e+06 5.716976360067271627e+06 7.242451754408501089e+06 4.828535995241201483e+06 5.398131811378161656e+05 5.108023098038996570e+06 6.287832525379070081e+06
5.439879388428678736e+06 5.823859265658805147e+06 5.146351212405335158e+06 1.117814521535282023e+06 4.915607543389705941e+06 6.154216445460061543e+06 3.809633509945086669e+06 1.522801995874626795e+06 5.784234252229833044e+06 6.141855954571303912e+06
4.164206238457734231e+06 5.034413701502310112e+06 5.410967331341499463e+06 1.603104554872865323e+06 3.967792372220906429e+06 4.667079412009733729e+06 2.578940325242880732e+06 2.444497299803255592e+06 6.141189509667467326e+06 5.419450946341216564e+06
2.205487020561756101e+06 3.572894757595419884e+06 5.251072787231961265e+06 2.080315189426930621e+06 2.949052768543610349e+06 2.768149977830840740e+06 1.169162817825339967e+06 3.215174649851229973e+06 6.083670258476659656e+06 4.076416969098119996e+06
8.925780348590740468e+05 1.451177902477658819e+06 4.601715744454924949e+06 2.349906996295849793e+06 2.047650302585576661e+06 9.430062011289431248e+05 4.235238303387851920e+05 3.739875053727475461e+06 5.554175195806940086e+06 2.280148179323330056e+06
3.670027141814189497e+06 1.214596831526547903e+06 3.466571534973671194e+06 2.300517482324894052e+06 1.697214873209356796e+06 2.931560241920446977e+06 1.989273028364753583e+06 3.933393230378633831e+06 4.573182957896887325e+06 1.730097573735248065e+06
6.619520563477890566e+06 4.087365230810265057e+06 1.995185019591956399e+06 1.873364689564524917e+06 2.117861526113879867e+06 6.231548080280553550e+06 3.514370732185894623e+06 3.742702519230582286e+06 3.317378128207038157e+06 3.953465838055526372e+06
8.877787223526928574e+06 6.720184685909176245e+06 1.122156904221444624e+06 1.074822952110770857e+06 2.765324865237418562e+06 9.933893802085563540e+06 4.840341853786628693e+06 3.176837176225292496e+06 2.347124653332858812e+06 6.364111752307889983e+06
9.673502368073279038e+06 8.508778137007197365e+06 2.373029490235782694e+06 5.307757279396548984e+04 3.204160126796551049e+06 1.382355344911429659e+07 5.818097352561210282e+06 2.348795861912405118e+06 2.602051974793709349e+06 7.985912148899572901e+06
8.329143585996192880e+06 8.838398249644555151e+06 3.795929583580870181e+06 1.178411897374511696e+06 3.238198288479804061e+06 1.762733807937051728e+07 6.310056843712102622e+06 1.560933441624967381e+06 3.608524961897416506e+06 8.158555876947313547e+06
4.611543744523529895e+06 7.285037093793617561e+06 4.625094824111097492e+06 2.169135482717544306e+06 2.831070829223805107e+06 2.097532521617690846e+07 6.221461259775575250e+06 1.356291150133599527e+06 4.367782134993562475e+06 6.441362535375046544e+06
2.402272668102876283e+06 3.962846228911079001e+06 4.619664402632859536e+06 2.681016335526947863e+06 2.223900773819187656e+06 2.339765826263043657e+07 5.540375989552984014e+06 1.631615258063224377e+06 4.501219631424261257e+06 2.826232929726578761e+06
8.584037447341622785e+06 2.391221459152145311e+06 3.818847661418884061e+06 2.514750434320244938e+06 2.211181413132033311e+06 2.434463568430217728e+07 4.380340883036015555e+06 1.688446699951263843e+06 4.045874236983139534e+06 2.067358891973411199e+06
1.366982762875383347e+07 6.661005595089992508e+06 2.548109988951709121e+06 1.899711389221164864e+06 3.165256002333706245e+06 2.323822077003103122e+07 3.018325521601011511e+06 1.386602772754044505e+06 3.330476679333883338e+06 6.940815901677738875e+06
1.457410148282208294e+07 9.795835425044247881e+06 1.298180996859814506e+06 2.217261882024489809e+06 4.223655187283757143e+06 1.956545850975931808e+07 1.909557858781783609e+06 1.430984619594509481e+06 2.684117004475947004e+06 1.013396215806001425e+07
9.513835526545146480e+06 9.722587439738636836e+06 7.474684885044732364e+05 3.724871640254939441e+06 4.696070041999813169e+06 1.302419495579087548e+07 1.438757645324973390e+06 2.272833140279530548e+06 2.111605486912558787e+06 1.028171319487572648e+07
1.832192694434494013e+06 5.877195416305568069e+06 1.604835658965729875e+06 4.908824775339302607e+06 4.587441467064491473e+06 3.806223374416110571e+06 1.324252823913847096e+06 3.041075390337652061e+06 1.696120513867520494e+06 7.264640153699658811e+06
1.271757074027908593e+07 6.619026266183364205e+05 2.650841960913635790e+06 4.905799918929770589e+06 5.424366423170289956e+06 7.984550527251794934e+06 1.863675767381625017e+06 3.248430406869878527e+06 1.634372421260817209e+06 3.480965629978894256e+06
1.889315340413504466e+07 6.928318394997162744e+06 2.811701930504830088e+06 3.816080206466477830e+06 8.735544267052931711e+06 2.008829665143299103e+07 3.599950790552159306e+06 3.166346145060529932e+06 9.548195733601551037e+05 4.238987055724567734e+06
1.463421776896340773e+07 1.029493765612793528e+07 1.893047431378339650e+06 3.201547586608488113e+06 1.326078420174838603e+07 3.060692707178518921e+07 5.698604405911571346e+06 3.349007039334614761e+06 1.649524908321104478e+06 4.722600935606172308e+06
2.959103804377013352e+06 9.613360332991220057e+06 3.567643014930697158e+06 3.560185191860334948e+06 1.698042256932320818e+07 3.653474731180037558e+07 7.110511866295209154e+06 3.480955925692666788e+06 5.162399373366058804e+06 3.330035849449938629e+06
1.042531043784531578e+07 6.501365060825887136e+06 6.501455837899842300e+06 2.965398358784057200e+06 1.818878985906189680e+07 3.477687697114419192e+07 7.050934358346046880e+06 3.491990660659751855e+06 7.794120663252649829e+06 4.259417472412151285e+06
6.753318119506081566e+06 3.993625297724713571e+06 7.657833668559490703e+06 4.543405149300181307e+06 1.627771727806321904e+07 2.312691455146397278e+07 5.486328326873339713e+06 4.269373175161835738e+06 7.482746952544728294e+06 3.570855845676712226e+06
1.340831621604964137e+07 4.504497984435764141e+06 7.155574726035664789e+06 9.058539122694017366e+06 1.271313128774466366e+07 1.698337756838259986e+06 3.514055866108760238e+06 4.544959935599242337e+06 4.519786256074042991e+06 3.371855782390345354e+06
2.909029626562295854e+07 7.525380762664908543e+06 5.889758082598624751e+06 1.124164230398621596e+07 1.031724447464702465e+07 2.599858553024903685e+07 3.834779223486697767e+06 2.664122693061008118e+06 2.063728822493069805e+06 8.625612838773973286e+06
1.911043005839153379e+07 1.126638736211397126e+07 2.232382893091165926e+06 8.603607400805840269e+06 8.143910464824118651e+06 5.183177716150455177e+07 7.660787339822083712e+06 1.051876271783612901e+06 3.749938116927885450e+06 1.046117752472220361e+07
2.867044404475896806e+07 1.118971094088026509e+07 3.701538538150623441e+06 3.976701089243685827e+06 2.612252063530787826e+06 6.494441372425304353e+07 1.260990228284883872e+07 1.802243577902134974e+06 5.825951792157649063e+06 9.316562464295813814e+06
3.718632615259719640e+07 4.584370674762940034e+06 8.031643889010201208e+06 4.353175388323338702e+06 6.647821217495890334e+06 5.541448440872941911e+07 1.461066650405190513e+07 1.389001695405575214e+06 4.728048388207549229e+06 8.476208117033205926e+06
2.418267591524812393e+06 5.531357389684944414e+06 8.400641052181880921e+06 5.817476748152959161e+06 1.252800358747892082e+07 2.152974037047264352e+07 9.733669075001534075e+06 2.239534418619831093e+06 2.251947802679943852e+06 4.808683715457577258e+06
3.411923612547162175e+07 1.004349097538379952e+07 5.551923579910692759e+06 5.947902631705316715e+06 1.183014614213140681e+07 3.181438257091333717e+07 2.916739499232265633e+06 8.990881579999925569e+06 2.895788127454195172e+06 6.572069211824848317e+06
1.227082738328004256e+07 9.527425175066174939e+06 1.148888366642661020e+07 2.028553680211090017e+06 1.463236665878764167e+07 7.060781276355841756e+07 1.301947392613782175e+07 1.628985795743318833e+07 2.158824094314537942e+06 1.154917191211894155e+07
2.094007044617689401e+07 1.222457890041414648e+07 1.667008214151140489e+07 1.155587167269941606e+07 2.106526268705459312e+07 7.091770894457070529e+07 1.678339839215845615e+07 1.394520550080296583e+07 6.346382961486957036e+06 2.275821396652477793e+06
3.492514658567993343e+07 1.686937349888338521e+07 1.776367011214312539e+07 1.370485684164695814e+07 1.612647643234404735e+07 2.184274641262146831e+07 1.578662044074234180e+07 1.137983474804901332e+07 9.817610273775359616e+06 5.143518301911180839e+06
2.717367711750726402e+07 1.244414739032212272e+07 1.461933795597561635e+07 1.186497789898090810e+07 4.909130294672504999e+06 5.112694006640176475e+07 1.645705603391073272e+07 1.134752469667570293e+07 4.368076333249968477e+06 4.996008890550911427e+06
4.993294104072310776e+07 1.567773509058571607e+07 1.511333801653640531e+07 9.321136320016482845e+06 6.339520835015395656e+06 8.386991052118518949e+07 1.587056006870502792e+07 4.677328361800585873e+06 8.308699172578721307e+06 2.322388052780071739e+06
2.068308987435357645e+07 1.580145445838836394e+07 8.162067268198298290e+06 2.427622304879320413e+07 2.029291819963022694e+07 3.199727524009465799e+07 1.172230489826148003e+07 3.872609704317770898e+06 1.245778572535091080e+07 4.796426231286472641e+06
3.536848794041006267e+07 1.520576693489962257e+07 7.627088956851418130e+06 2.443344340705780312e+07 1.836670591699363664e+07 7.026297117976674438e+07 1.091057370922756195e+07 1.104391290937978029e+07 4.859333465817688033e+06 4.891556564580924809e+06
3.592033614960169792e+07 2.337536621081966162e+07 1.800353256946615502e+07 2.153188618540373817e+07 1.468955396770026535e+07 1.082736487431840897e+08 3.314864631474263221e+07 9.188105608158323914e+06 1.048466730784997903e+07 1.089219076609118097e+07
6.791437749838426709e+07 1.374492542437486351e+07 1.042924955605796725e+07 2.301095353292398527e+07 1.961764486685290560e+07 2.126448410859362409e+07 3.480865308036302775e+07 1.565685252076732181e+07 6.136949281151070260e+06 1.916518072005299479e+07
6.776632442536507547e+07 5.223035002309525385e+06 1.047453575563532300e+07 4.327934798298329115e+07 1.770633407865297422e+07 1.170022382402228713e+08 2.222765749290674552e+07 2.363507427410149947e+07 1.984752906040406786e+06 7.384040469310572371e+06
2.077274569313076511e+07 2.014229089087945595e+07 6.484785205646115355e+06 3.540021958617557585e+07 6.904217215105455369e+06 6.620175814416642487e+07 2.420371029383313283e+07 1.243127836136887409e+07 6.058435338029528968e+06 1.708546759366504103e+07
4.077473522745954990e+07 1.438947910936778225e+07 1.725365261541208625e+07 5.758898089935617149e+07 1.822984188126093522e+07 1.113009848069081008e+08 1.673011114490604773e+07 1.695547050416235253e+07 7.715630471863281913e+06 2.145910886722245440e+07
5.698117844294235855e+07 1.432087574599883333e+07 3.221944441431860439e+06 5.712246966388678551e+07 3.185377309219098836e+07 9.743745319539234042e+07 3.128772592425729334e+07 9.177025739515941590e+06 8.343690684172132052e+06 1.166182465702229738e+07
4.965548449399255216e+07 1.607285302330899611e+07 2.648291722057786584e+07 4.320893933490909636e+07 4.924358035396463424e+07 1.098308543701530397e+08 2.806734313329121098e+07 2.178766171322795376e+07 1.677458941741602682e+07 1.317467953023918346e+07
6.990907664416553080e+07 2.854961466843294725e+07 3.478622082225989550e+07 4.636786647921653837e+07 4.783123985755846649e+07 5.520190136369784176e+07 2.602197128607599437e+07 1.609456966924711689e+07 1.085792164543677680e+07 1.171197798713937961e+07
6.318277096747974306e+07 8.889169301879789680e+06 1.284054547130713426e+07 2.297572420554160699e+07 4.358967642707022280e+07 1.599353647265786827e+08 3.049063457630420104e+07 1.602812162869309820e+07 1.556563510275813006e+07 1.217100153184877150e+07
4.701044975436140597e+07 1.286032972950889729e+07 1.087233324245879985e+07 2.127997976510849223e+07 5.338435454610911012e+07 5.223392294344196469e+07 3.724345650334986299e+07 8.533599794529480860e+06 1.330718662619315088e+07 1.658527011812975816e+07
4.226371180366148055e+07 2.028930702606941387e+07 2.154611764853505418e+07 1.691007137159357965e+07 1.446423549740860052e+07 1.339983360884142816e+08 1.929964141093087196e+07 2.407262796297240630e+07 3.644000785896974616e+06 2.184571693481117114e+07
6.623312844832666218e+07 1.630168478458147496e+07 2.000740217615565658e+07 3.216922952896436304e+07 2.046309071376398578e+07 1.814409133266686201e+08 1.788987954561132938e+07 4.925723055909050256e+07 8.053612200508787297e+06 1.185253864700596221e+07
5.050441682748576254e+07 1.045645408913465589e+07 2.266906247085117549e+07 3.733533188508875668e+07 3.338786567744755372e+07 1.236379251332912594e+08 7.623641814139558002e+06 2.940186910881229490e+07 7.433767380115304142e+06 1.237177611652833968e+07
6.846153099444435537e+07 2.902563444378502667e+06 3.255462855738529563e+07 6.193895127112025768e+07 6.550310174382082187e+06 1.138218046739361808e+07 2.208172455859018117e+07 4.973839668071448803e+06 9.543238603533815593e+06 1.217539058396419697e+07
1.243672357226986140e+08 1.095360301161403582e+07 1.282275005385779962e+07 9.949814484694167972e+07 3.074775839804076776e+07 1.252154414771319330e+08 1.125703863922193088e+07 7.116044903046302497e+06 8.414404179114660248e+06 1.635874748808354326e+07
8.752111412510457635e+07 2.151599423046626151e+07 2.545585232621438056e+07 7.400810325576631725e+07 5.679440531166020036e+07 2.280718990628310740e+08 3.528915094991800189e+07 4.569019824243344367e+06 1.748556979913538322e+07 8.134162313921808265e+06
1.153408866180721819e+08 3.184693113974965364e+07 2.792378252878417447e+07 6.081478758921984583e+07 3.665737337036994845e+07 2.747362822460645437e+08 4.176680836838384718e+07 4.360263231676461548e+07 1.076036777006476745e+07 4.113389083876768127e+06
1.060950581807363927e+08 1.699849236292726174e+07 2.057941823741212487e+07 3.052887904313637689e+07 8.518376696876700222e+07 2.752370119327999353e+08 1.815530655566393957e+07 2.744504720964610949e+07 1.953350455933058634e+07 1.437350287315867655e+07
1.743658865215753019e+08 2.298713025258561224e+07 1.350107190156996436e+07 8.372431047383115627e+06 5.239648502265670896e+07 2.782587342606706619e+08 2.089866434253948554e+07 2.551880253032051399e+07 1.117131595750021003e+07 2.130094378650473431e+07
1.174224578975617290e+08 2.389610784335217625e+07 2.443031493855430931e+07 4.510644605473388731e+07 1.292732726870306581e+07 2.082444839802820683e+08 1.257112900721064955e+07 1.561692180819266662e+07 8.601405291441746056e+06 9.520824232084592804e+06
6.165561196422898024e+07 1.323832910318909213e+07 2.137798571095065027e+07 5.108620853826835752e+07 5.545412381869021058e+07 1.063608464963139296e+08 1.106636553350206837e+07 2.797557081077559665e+07 1.769158351696096361e+07 2.521705727068014443e+07
1.729586183765399754e+08 3.690767461784968525e+07 3.901180878343454003e+07 1.963878832791811228e+07 8.436137445120890439e+07 1.518190045476439595e+08 4.093193964045529068e+07 1.740283218883676827e+07 1.306762372749359161e+07 6.618037943625024520e+06
2.181743292766969204e+08 2.911905571959737316e+07 2.899557256330959499e+06 2.403307502722329274e+07 4.326569118186927587e+07 3.611899276195209026e+08 4.371331759895110875e+07 1.753478043826738745e+07 1.165606823419837281e+07 8.776964942434374243e+06
1.985265746668562889e+08 6.103854717504425906e+06 1.574191291898881271e+07 3.710991120567646623e+07 7.070001210592776537e+07 1.352143548608944118e+08 2.649421478149189800e+07 3.281723916785136610e+07 1.763424469445852563e+07 2.871423519334865734e+07
2.023383710465197265e+08 2.795432624162039161e+07 2.809020132680593058e+07 1.366305150813714229e+07 1.947933412214260548e+07 3.913632730844702721e+08 5.407486218524093181e+07 1.184228592945064604e+07 3.368897262614952773e+07 3.023231059547787532e+07
2.303391110975903273e+08 1.530280009969051927e+07 1.502904469211153686e+07 5.746277881628938764e+07 6.205366419229007512e+07 7.972318771821740270e+07 5.258086199889941514e+07 3.755046104608181119e+07 3.343660716555608436e+06 1.138477778652816452e+07
4.835416439196150005e+07 1.302537665483774431e+07 3.739021000570760109e+06 3.026432791167081147e+07 7.296932936841502786e+07 4.688468305242246389e+08 2.289555933229326457e+07 2.070376075047050789e+07 6.478752447623816319e+06 1.582344730790800601e+07
2.816265712205478549e+08 1.131357220417110808e+07 3.524373906588277966e+07 7.951438347368781269e+07 5.167940794558894634e+07 4.686762205762501359e+08 8.579803172816678882e+06 2.678973186774419621e+07 1.989013765930598229e+07 8.645234843974519521e+06
2.966982296031587720e+08 2.022105968709583953e+07 3.374002845226068050e+07 1.967537483626284450e+07 6.233976242729384452e+07 3.797031178458245397e+08 3.048146312258125842e+07 8.118403677187004127e+06 1.590361756720279157e+07 1.320923813117652433e+06
3.073482463102647662e+08 2.245037201444273070e+07 2.782694247220506892e+07 3.196852864997418597e+07 8.071277748914183676e+07 3.664252701767966151e+08 7.189557501819413900e+07 2.130285635231882706e+07 2.433560414678712189e+07 1.541787705619041435e+07
9.880764582979628444e+07 2.180002141505797207e+07 3.083146881267471984e+07 8.524034285274353623e+07 2.899999462897377834e+07 5.189381993929922581e+08 6.656682887667497247e+07 1.423668970640153810e+07 2.013675190523783118e+07 3.719524289351651073e+07
3.286599951453383565e+08 9.846604038670985028e+06 1.451232862148003094e+07 2.864281729998177383e+06 3.014765640567586198e+07 6.654768474939458370e+08 3.207111598140482977e+07 7.549060886323095299e+06 5.036220127959542908e+06 1.530095503709740378e+07
3.036256081346417069e+08 2.141835984332184121e+07 1.716124405256848037e+07 5.229270166445652395e+07 1.318368739134757407e+07 3.021015333210082650e+08 2.611218162983337045e+07 3.029011459449542686e+07 1.843387270590256527e+07 1.602831232068155520e+07
3.821850550052167177e+08 2.024888973233499005e+07 2.976372789239492640e+07 1.906292926049925387e+07 8.122142458959171548e+06 6.877870780358016491e+08 2.812076883661590517e+06 1.808855457400331646e+07 9.910702102667218074e+06 2.269802724626333639e+07
1.549307223074188232e+08 5.065031409136379510e+07 6.147527764391385019e+06 4.759168688718882948e+07 2.147502345968978107e+07 4.571703740305905789e+07 3.985480508811631054e+07 2.582628390968188643e+07 2.396241987456345465e+06 3.482939855151690077e+06
4.181681251786637306e+08 2.661878488244711980e+07 8.246589372072177008e+06 3.043239238505177200e+07 3.713082910460366309e+07 5.459140169742196798e+08 8.872200826754568145e+06 1.805476811582785100e+07 1.920693987876103818e+07 7.006209877394096926e+06
3.260503587359629273e+08 3.690796334010925889e+07 4.921622550093858503e+06 3.007033125964760035e+07 2.794067059408780932e+07 6.533100932900960445e+08 1.775855843896509334e+07 1.549745295327674225e+07 1.210071339341401123e+07 2.756527835922754928e+07
3.315723228496133089e+08 1.222272604126250744e+07 1.276901711326114647e+07 1.443256946821036376e+07 3.332126762546372041e+07 3.658128623916630149e+08 1.082286503772905841e+07 6.875986884997836314e+06 2.093890147505528852e+07 1.614793875768125989e+07
1.335624181572662294e+08 6.443168733340476640e+06 1.219124452270461246e+07 2.225417799676512554e+07 1.394710080359075405e+07 6.705811461647024155e+08 2.167107140503635257e+07 1.929746265365219116e+07 3.871395443923387676e+06 3.346130924082138576e+06
5.084362338339984417e+08 1.820216923033021018e+07 1.047089220944416150e+07 1.349294159516991489e+07 2.384219098876663670e+07 8.888683601285866499e+08 2.713418140412649885e+07 8.239554501776727848e+06 1.304052797087601200e+07 1.167873964243728854e+07
5.407378810577514768e+07 2.199746292178057507e+07 1.369286163020663662e+06 2.226094366442964971e+07 2.064490352154133841e+07 1.259522194042878389e+09 2.274702626194907725e+07 1.629802804777226970e+07 5.399635686767207459e+06 2.045920179210330918e+07
3.415602357228440642e+08 8.140363927674957551e+06 4.591156195147214457e+06 1.168808506244794466e+07 1.413744059295200929e+07 1.294245646076443434e+09 1.348321854574089125e+07 6.757510644235570915e+06 9.495180845270358026e+06 1.241679590469379537e+07
4.624857230907924771e+08 1.349564817808282562e+07 5.694596961131444201e+06 1.352222228415393829e+07 1.385091820221669041e+07 1.420386403362835884e+09 2.494159153617461398e+07 1.322220340076217242e+07 6.866792706800865009e+06 2.180424282396868989e+07
1.411359889223817289e+08 5.825375576220351271e+06 1.060960962101614662e+07 1.063128809468654916e+07 6.280725848046303727e+06 1.884854473791313767e+08 9.829384462966099381e+06 4.918348796906869859e+06 1.361749919743351825e+07 1.462361050136777759e+07
8.375072494449861050e+08 1.323548384554129466e+07 1.611350829689506255e+07 6.280415948755654506e+06 1.708550062458751723e+07 1.317406006450990677e+09 3.945953045393505134e+06 1.072381107796102762e+07 9.763272461300697178e+06 2.059737226540620252e+07
3.299203356950668097e+08 1.630691324341232702e+07 1.090023166079128161e+07 5.404343244748052210e+06 2.200774266211345047e+07 1.520127028502002239e+09 1.666986212538518570e+07 7.728475040572203696e+06 2.668673323772408068e+06 1.467061889603092708e+07
7.199158652960227728e+08 6.663565076812107116e+06 1.612724431884564925e+06 3.486153185840357561e+06 1.738142605424715206e+07 1.092947853756142557e+08 5.956058444230494089e+06 1.140060123200650699e+07 2.999555259355950635e+06 1.359911590014996193e+07
9.685535961357698441e+08 1.181532215751703270e+07 1.690129132249778882e+07 2.561857827317543328e+07 1.459022869952269271e+07 2.282175713458769798e+09 1.180676953555490077e+07 1.652375034022483416e+07 3.945847049597933423e+06 7.671734321649765596e+06
1.353155740345784187e+09 7.269093422144391574e+06 7.094979804069519974e+06 1.345792926154693030e+07 8.740383443127993494e+06 2.660990031579988480e+09 1.586875534661383182e+07 6.398640743370592594e+06 4.665238696232053451e+06 2.101745576064844802e+07
