1.584192722343090456e+06 3.116180502698651049e+06 5.690286808881518431e+06 7.804777301417858340e+06 8.540729559234270826e+06 8.219085407293736935e+06 7.382941040396125987e+06 5.903533920621874742e+06 3.769833592200996354e+06 1.923754985124210827e+06
3.788475747120961896e+05 2.175790209835866001e+06 5.274296623786384240e+06 7.760167686027167365e+06 8.506123695691274479e+06 8.043231972029034980e+06 7.125653863616053946e+06 5.482894513258554973e+06 2.965515813065988943e+06 7.340029609180993866e+05
1.341768417155847419e+06 1.056236343074342236e+06 4.694391435595713556e+06 7.587404501255237497e+06 8.290919670214621350e+06 7.634410980851106346e+06 6.658330387523426674e+06 4.877389170458731242e+06 1.931760143385373056e+06 7.848976199163192650e+05
3.247517993217824493e+06 9.079275182649622438e+05 3.957159540423386730e+06 7.279624143758066930e+06 7.861319908654072322e+06 6.942820633385215886e+06 5.949619757837095298e+06 4.078703182687208522e+06 6.772219930113690207e+05 2.580083582996947225e+06
5.474782967234605923e+06 2.511493923038114328e+06 3.101658584002043586e+06 6.840936313802325167e+06 7.186040976853766479e+06 5.917987150949557312e+06 4.975644560083327815e+06 3.094409858150803484e+06 8.935088124559666030e+05 4.681000767029737122e+06
7.971211199332751334e+06 4.485807004994898103e+06 2.251496431109972764e+06 6.291849637904217467e+06 6.240516010318845510e+06 4.513802782826641575e+06 3.730849264534339309e+06 1.965306784500972601e+06 2.588488682637543883e+06 7.045198512986049987e+06
1.064795051565136202e+07 6.650765393062043935e+06 1.770562274845258333e+06 5.675701027006510645e+06 5.013460854182879440e+06 2.701377092052667867e+06 2.268980704324295279e+06 8.912664566655708477e+05 4.443925210036357865e+06 9.598226721250141039e+06
1.336239267491005361e+07 8.886458092313876376e+06 2.138789766255100258e+06 5.064693457197409123e+06 3.520275548263596371e+06 6.688546815150330076e+05 1.130908220876999665e+06 1.141733479323066305e+06 6.360740131797827780e+06 1.222040380171264522e+07
1.590778278020945936e+07 1.103725671756027080e+07 3.062123048694211990e+06 4.559883348548608832e+06 1.864395797777929110e+06 2.439015394781975541e+06 2.281448612813977059e+06 2.333381041839621961e+06 8.216166514529552311e+06 1.473990663299586810e+07
1.800842322983435914e+07 1.290310865114227682e+07 4.060217819245128892e+06 4.271242072211233899e+06 1.114613151669394923e+06 5.532523518032825552e+06 4.356626669607711025e+06 3.458326833086599130e+06 9.857788686807792634e+06 1.693107482366496697e+07
1.932483960871218517e+07 1.424539450456900150e+07 4.885565972424740903e+06 4.269796143226104788e+06 2.800642058108298108e+06 8.955742511001437902e+06 6.528031073902837001e+06 4.270467633911722340e+06 1.111332794552287087e+07 1.852140732767623290e+07
1.947517290494059399e+07 1.480629749200062640e+07 5.395339652630374767e+06 4.554589739847837016e+06 4.870259333633328788e+06 1.251870054556353204e+07 8.538123025731079280e+06 4.584109563952977769e+06 1.181114600534619018e+07 1.921156916730952263e+07
1.808034291575133055e+07 1.434540030039468221e+07 5.518752510751819238e+06 5.090468663478730246e+06 6.833872861190894619e+06 1.596241230247727036e+07 1.014320842318887077e+07 4.243237083820687607e+06 1.181242417647350766e+07 1.871259719963481277e+07
1.484155732761673443e+07 1.269844072377917171e+07 5.277919788683931343e+06 5.863874840171443298e+06 8.470245648679716513e+06 1.893593261752898246e+07 1.108461581010004133e+07 3.170655827436662279e+06 1.105387653821521625e+07 1.680283044635274634e+07
9.668081690552668646e+06 9.870727842705586925e+06 4.810442860048252158e+06 6.868820109274497256e+06 9.582659662740042433e+06 2.099753229950050265e+07 1.111433167951209843e+07 1.610158191951269517e+06 9.595616176205845550e+06 1.340333713207836077e+07
3.176010895845527295e+06 6.253769010553386994e+06 4.328776160869973712e+06 8.032152734438564628e+06 1.001204630616158620e+07 2.163721818969099969e+07 1.004528568037000299e+07 2.139441671040525660e+06 7.663100903597851284e+06 8.666935182841224596e+06
6.226640194914148189e+06 3.822439141492602415e+06 3.933414348655440845e+06 9.155349589900296181e+06 9.680285327150575817e+06 2.032915127301800251e+07 7.825428017191072926e+06 4.860077301940197125e+06 5.665786211024443619e+06 3.135800137399668805e+06
1.423397324896102399e+07 6.181838621325128712e+06 3.413449414316873997e+06 9.931902747008888051e+06 8.648422807690320536e+06 1.662310904490764067e+07 4.664539665496522561e+06 7.663838802811085247e+06 4.158363341924113687e+06 3.216333912684340496e+06
2.065730035307246447e+07 9.712801216178031638e+06 2.420669834452081006e+06 1.005485882252183557e+07 7.194416876448824070e+06 1.028055018836411275e+07 1.937493067116419086e+06 9.796316610440047458e+06 3.642636313476182055e+06 8.111983542042495683e+06
2.328799986950368434e+07 1.183333342952440493e+07 1.425337903972146334e+06 9.415215704542728141e+06 5.928793739828515798e+06 1.467575549624038395e+06 4.262235361647602171e+06 1.066388374847564846e+07 4.291522741189169697e+06 1.124048691886631586e+07
2.014902610410474613e+07 1.160109062095251307e+07 3.063472249695924111e+06 8.363716579034663737e+06 5.756436349608005956e+06 9.162259570620572194e+06 7.244720010952260345e+06 9.925630905226573348e+06 6.065732358004994690e+06 1.170978529245883971e+07
1.019707897460931353e+07 8.856830132088394836e+06 5.534272378650945611e+06 7.735074911433538422e+06 7.005381766333948821e+06 2.007217390158128366e+07 8.603614811679290608e+06 7.699772016432062723e+06 8.531933536034947261e+06 9.480320048268530518e+06
6.169799815265837125e+06 4.375675768410420045e+06 6.971023670089199208e+06 7.811373172196694650e+06 9.041064788711816072e+06 2.907739920510132611e+07 7.570037332621191628e+06 4.683960725460791960e+06 1.066200373282734491e+07 6.226359442202522419e+06
2.480120479995427281e+07 1.844611739785895450e+06 6.212253384976040572e+06 7.336306945269208401e+06 1.106429032271390408e+07 3.340999750252689421e+07 4.086905051414337475e+06 2.049029494388202205e+06 1.123710673773268051e+07 6.628723874527685344e+06
4.012152997806841880e+07 4.974309388207859360e+06 2.908594343749360181e+06 4.788670760105697438e+06 1.209309038662884571e+07 3.034069462773592025e+07 1.107528516246800777e+06 1.154111508065588307e+06 9.595974507896061987e+06 9.795075346347739920e+06
4.466682979924929887e+07 6.526041974494079128e+06 1.913075132539752871e+06 9.948364018134447979e+05 1.085727290492349677e+07 1.830248197386854142e+07 5.883479598443929106e+06 2.408108688949106261e+06 6.502708068470668048e+06 1.138364821319149435e+07
3.308076830746747553e+07 6.696149969895172864e+06 5.818235728337458335e+06 6.730586973688991740e+06 6.611270481842903420e+06 6.389688208759738132e+06 8.252610068958601914e+06 4.842658933109996840e+06 4.541665545820282772e+06 1.093498257959921286e+07
6.886536021380361170e+06 6.797171537771727890e+06 6.274264446530466899e+06 1.178694029100121185e+07 5.820002183985067531e+06 2.972313294378677756e+07 6.538731621331627481e+06 6.678453634780742228e+06 4.348436893385431729e+06 9.886408962818345055e+06
2.510411854006056860e+07 8.308643652411272749e+06 3.103885707519022282e+06 1.366949238187238947e+07 1.489844941675183363e+07 5.197114240327557921e+07 1.319874717996366555e+06 6.120769866280985065e+06 3.712767463555869181e+06 8.920111398830050603e+06
4.216025473463390023e+07 1.383427183033240028e+07 4.312614767425400205e+06 1.280366561056811735e+07 2.247306624393837526e+07 6.090263577653614432e+07 5.777904758064063266e+06 3.629858037384712137e+06 4.312998577187231742e+06 9.495232374122260138e+06
2.913909574908507243e+07 1.991680257588036731e+07 7.407391558656074107e+06 1.094726407360743918e+07 2.271220689333970845e+07 4.792807308949342370e+07 9.210156057956438512e+06 3.284883814203388989e+06 4.330517124814872630e+06 1.230773017614573427e+07
1.353102965200164355e+07 2.002820515323057771e+07 1.078573314712152071e+07 6.743949054079524241e+06 1.366965097393927723e+07 1.253061248073948920e+07 7.566851874727282673e+06 5.307315801265610382e+06 5.065956353503938764e+06 1.087285873852350377e+07
5.528301528922575712e+07 1.736104755423805490e+07 1.668805918133946322e+07 1.050145915105568944e+06 7.110754465783905238e+06 3.359187295808614790e+07 7.883645255475878716e+06 1.085183602943247557e+07 9.888864615270154551e+06 1.548648142099810066e+06
5.666743851048614085e+07 2.336930391898101568e+07 1.661479057404318638e+07 7.678918646740378812e+06 1.749611254177817702e+07 6.456246547585617751e+07 1.250869649305106699e+07 1.610653749596860446e+07 9.770491070881003514e+06 1.060145453126411326e+07
1.587144907325818948e+07 2.201124544131992757e+07 7.506134232958541252e+06 7.423151377341429703e+06 1.922225146057556942e+07 5.518805284295022488e+07 1.174343883573681302e+07 1.513133099961472489e+07 4.827673173522740602e+06 1.203406027747559361e+07
6.665196647667275369e+07 6.169574002563679591e+06 3.702989817244868260e+06 2.950545974353033584e+06 1.474212126314563490e+07 4.036601829116909299e+06 7.542892355861935765e+06 1.059302982945680246e+07 5.169527964347896166e+06 1.737453473576883785e+06
6.278442392460929602e+07 1.166805865406802669e+07 3.421566006270246115e+06 3.504032238650000654e+06 1.771709498237510398e+07 6.819242141978971660e+07 6.345450810640108772e+06 8.260671714895409532e+06 8.608112403742660535e+05 8.909800536231020465e+06
1.895659237141769379e+07 4.594630768585989252e+06 3.531283985689869151e+06 1.011872425960955396e+07 1.760881086494614929e+07 9.001576549933065474e+07 8.407637749609492719e+06 1.108325911893411726e+07 2.568760881843225099e+06 8.823938690893655643e+06
5.872004262229995430e+07 1.415853451692260243e+07 1.160441160681832768e+07 8.513771750675782561e+06 9.371369581692319363e+06 3.249020745912563056e+07 1.124617878560554236e+07 9.730606014490431175e+06 6.694053733359958977e+06 2.210206747734214738e+07
2.734333784310468286e+07 1.744245378712260351e+07 2.150063372094760835e+07 4.287649656832835637e+06 1.202365379953037761e+07 7.141499210054914653e+07 7.022882254728591070e+06 2.383646068509561010e+06 1.476360461393125169e+07 2.425089112777641788e+07
1.136246219156999886e+08 1.314446842157509550e+07 1.952253745973186567e+07 7.827450218232820742e+06 1.629332775270665996e+07 9.439874255167582631e+07 1.801072275254837051e+07 4.402969898808604106e+06 1.093259125746699050e+07 1.822663697116307169e+07
2.154886455597685277e+07 9.559256295197319239e+06 1.558063652445976436e+07 9.332432414160316112e+05 1.080016113492303155e+07 2.165260451649785414e+07 1.825575408499706164e+07 1.483284996217986941e+07 1.358978178408814967e+07 1.396379496614593267e+07
9.064771266377685964e+07 1.701154645079454407e+07 7.382054803208826110e+06 1.952296811461956240e+06 3.721494053476782050e+06 1.033852926667827517e+08 1.117335254335008189e+07 1.603597047235789336e+07 1.609481802490878664e+07 9.858197128224588931e+06
4.503161991552861780e+07 1.770278393243129924e+07 1.536355882570151798e+07 3.429924651776781306e+06 1.089227558784841374e+07 3.052411148844555393e+07 1.716194166721436754e+07 1.677357445671993122e+07 5.466380485409552231e+06 2.242578262534787878e+07
1.019313429275854528e+08 8.109524649198501371e+06 1.665020606748228148e+07 1.242132457852085494e+07 4.204758016313562170e+06 1.204354674969329089e+08 2.262475047341219336e+07 1.381424793482661247e+07 7.993194035071783699e+06 9.162695485504426062e+06
1.108141231761903763e+08 7.075221827161298133e+06 2.021132255207371712e+07 7.986767619075587019e+06 1.500260281036605313e+07 4.216516184603385627e+07 3.331679912978412211e+07 1.211381471125323139e+07 1.824218053748389939e+06 3.896172242883232888e+06
8.027536130942574702e+06 3.727921850981091615e+06 6.010541368205264211e+06 1.109071735080338269e+07 1.680871638147046790e+07 1.570211839325357378e+08 2.022650760704034567e+07 5.814190093192016706e+06 1.406269581172135472e+07 1.652133358783773333e+07
1.128312239959456921e+08 6.176417178546713665e+06 1.785746624806855619e+07 1.850310561633779481e+07 3.240750868410476670e+07 3.671594454310943186e+07 1.134512594020521641e+07 7.440966015101815574e+06 8.176183951310359873e+06 2.912671367166929878e+06
1.627840789849467576e+08 9.661092822134083137e+06 1.696719952810342610e+07 6.413227654934079386e+06 1.078611998172916658e+07 1.605544972742575407e+08 1.272403224501067959e+07 1.593930111940197647e+07 1.218874567146725021e+07 1.437013989597156085e+07
9.304202081080217659e+07 2.771965686796069518e+07 1.083642794909247197e+06 7.197547478094806895e+06 1.307364459067156725e+07 8.210056792149616778e+07 3.140216062735116482e+07 1.955960731716088206e+07 2.592950651020487770e+07 3.801471800794584304e+07
6.210272585281883925e+07 1.617449724419519678e+07 1.263554631766733527e+07 1.301809574761711806e+07 2.492186707800128683e+07 9.475562346326421201e+07 1.180859859695299342e+07 1.158672264695581608e+07 1.413468398841495626e+07 1.482432124496716447e+07
2.027692365043051541e+07 2.486312910527165979e+07 1.467570002351575159e+07 1.248386944018279575e+07 7.437680646346321329e+06 1.731694722047136426e+08 2.037922788291307539e+07 2.192022003922541067e+07 8.665596547637274489e+06 2.709815350901850313e+07
3.645957075773408264e+07 1.918438039428663626e+07 1.186919089381392486e+07 7.299836403364562429e+05 1.398443207652522065e+07 1.652356004372396469e+08 2.391928759796690941e+07 2.377855433602210507e+07 1.320625434385717288e+07 1.461855318587910011e+07
1.191874654424483515e+07 2.182014223139731959e+07 9.601656133006712422e+06 1.009693861971927807e+07 9.617066654453705996e+06 6.569277108352236450e+07 1.328284256712721661e+07 1.616658042477151193e+07 1.026735327584592067e+07 3.884882758225569036e+06
2.706100355036094785e+07 2.251724789624955505e+07 1.782685877175416797e+07 7.224722922479364090e+06 7.712652892620208673e+06 5.781333549581927061e+07 1.262576489024614543e+07 1.759639716244608909e+07 1.550439327465264685e+07 9.720240831137441099e+06
1.157977455798321217e+08 8.170956966697615571e+06 2.682815452824841719e+06 1.056678753591186134e+06 5.884313245478724129e+06 1.638145881403372586e+08 7.568805400119569153e+06 2.485754051410214975e+07 2.046423909165261080e+06 8.507647581050045788e+06
2.277253618320459127e+08 7.642483936542892829e+06 2.750826899362050463e+06 1.903500890833893418e+07 2.718814086566546932e+07 1.772469637493124008e+08 7.022160347863174044e+06 9.419389843439033255e+06 1.671945061300296150e+07 3.878900162908258382e+06
2.143961644011041820e+08 3.306545503684994578e+07 1.245803686074021831e+07 9.956292482098259032e+06 8.627765563762310892e+06 1.924015046909390092e+08 1.168511738943874091e+07 4.114859468978964724e+06 3.764677842820417136e+07 2.189958511027484015e+07
2.288397523865120113e+07 2.911389328291508183e+07 1.100451813227782026e+07 2.862416932501114905e+07 1.916224681615740806e+07 1.559490673083069921e+08 2.147029883402568102e+07 1.786726766816962510e+07 1.868314009892741963e+07 1.828632005849708989e+07
2.611570694192332029e+08 1.171720811023065262e+07 2.720864440091798455e+07 3.683838261593668908e+07 1.792046788934606686e+07 6.680674570659132302e+07 1.076188504211575165e+07 5.638816571301810443e+06 1.590870280417956598e+07 1.833551452073632181e+07
5.031909456104411930e+07 1.363453797025834955e+07 3.220521005428186618e+06 4.182919615720150527e+06 1.940930646760252118e+07 7.763226488872414827e+07 1.343054102627739869e+07 2.131402056410220265e+07 2.014180695640235022e+07 1.574892780422574654e+07
3.360771029672263861e+08 1.126697490192464553e+07 7.266424474687989801e+06 1.221459842063828558e+07 2.235087047339643165e+07 2.963725306701490879e+08 2.765280110736415535e+07 6.464898314630668610e+06 2.245903067850145698e+07 1.520850496319950931e+07
2.344559405255721211e+08 8.367869531487604603e+06 7.721923712993742898e+06 2.550511994556654245e+07 1.371262834727427736e+07 2.985732646667063236e+08 2.365957242218896002e+07 2.240862085054027289e+07 1.754760747088997811e+07 1.475912350341201946e+07
1.454466039673047885e+07 3.888486017360945791e+07 1.440796600066981465e+07 9.325508456516282633e+06 9.238130845723174512e+06 1.193938728235993385e+08 7.399118730477559380e+06 1.861486488910980150e+07 2.367193538197290152e+07 1.917516033435141295e+07
9.667786180786430836e+07 3.744763701898622513e+07 1.746474788107908890e+07 2.479392033488450572e+07 2.116057539170692861e+07 3.670073608659570217e+08 2.095284353416645154e+07 2.172684412809095904e+07 2.111148799434437230e+07 3.528622212335484475e+07
6.915401652387683094e+07 2.564674107932027057e+07 1.206935934440913610e+07 2.329534441500773653e+07 2.424909851161324233e+07 2.278963248561168313e+08 3.151392377681065351e+07 2.067028891375383828e+06 2.541168365836231411e+07 3.151003260261907801e+07
8.702051186072701216e+07 2.975645556077123061e+07 1.348324304256930389e+07 1.941043733437525481e+07 1.417065924823006801e+07 2.154402043266313970e+08 2.250526148178431764e+07 1.215689630528682098e+07 2.066639675695934519e+07 2.644927311489667371e+07
3.799854648590521216e+08 1.022259844604486413e+07 1.503083203328473121e+07 2.302985036224176735e+07 1.539425081421013921e+07 4.235759530524001122e+08 2.859405050200467929e+07 1.549243146866671368e+07 4.698047570099023171e+06 1.203763015579130501e+07
3.311500069247967601e+08 4.688013991242380440e+07 5.982692870246972889e+06 2.016050339505226910e+07 2.698562605729643255e+07 5.335597740728660822e+08 3.398713422784841061e+07 3.743166995440458413e+06 9.669420183490440249e+06 1.792674345652193949e+07
3.813260263531308770e+08 1.925288599183233082e+07 2.181994740232415125e+07 2.200420529387548566e+07 2.372595132774364948e+07 5.635851111167016029e+08 2.264695472448819503e+07 2.279407204578727111e+07 1.156736448753126711e+07 8.449962050872987136e+06
3.390768418334117532e+07 2.639121853594493493e+07 2.063567960541598126e+07 1.563751151334071718e+07 3.333595042548749968e+07 5.561922316151477098e+08 3.216139375142470747e+07 2.095720180628472939e+07 1.000214959843794117e+06 9.751469985482877120e+06
2.674834435605047941e+08 4.638387345322972536e+07 3.776635104214263707e+07 1.810441918140479550e+07 4.423056201175654307e+06 3.298437304701132178e+08 1.719292352088342980e+07 2.079057420723179728e+07 1.812119061693561822e+07 1.020028488740330935e+07
2.274292766652478874e+08 2.429400438959010318e+07 2.209472063826230541e+07 1.554186122371553816e+07 2.795377306850323454e+07 4.128052011742158532e+08 2.925177889357636496e+07 3.566514718830191344e+07 8.149418488880245015e+06 1.331614163372252136e+07
1.044358125392343998e+08 1.490983384329156950e+07 2.374106956602898613e+07 2.584683369921249524e+07 4.413497021724947542e+07 5.496533590403791666e+08 1.548443780932654068e+07 2.963623300910610706e+07 7.850286830389725044e+06 4.191788453069785237e+07
6.485015232660367489e+08 3.145377604195663333e+07 2.090313831127851084e+07 7.529143331665029749e+06 7.034923145434249192e+06 6.898076148907670975e+08 1.739836171091104299e+07 2.992479654342129454e+07 3.181290161457555741e+07 2.973171168872888386e+07
1.255500325335562527e+08 4.852538933583328128e+07 2.006402840515624732e+07 2.833842534732658044e+07 9.343785654912274331e+06 4.650706805723316073e+08 2.360123085668830574e+07 3.519820676999964565e+07 1.738714150575790927e+07 3.737737532470317930e+07
3.193866460731144547e+08 3.677070796526501328e+07 2.424681536111409962e+07 1.426035841871131398e+07 1.686823612333520502e+07 4.979280450284429789e+08 4.561790857452088594e+07 2.293851707458445057e+07 2.510832013074092567e+07 2.085507930853653327e+07
2.505103686068348289e+08 4.281719064127604663e+07 2.170325740132368356e+07 1.157471673400642164e+07 2.473048988114660233e+07 7.734669572679651976e+08 2.580150502842033282e+07 1.072344747187541239e+07 1.894446695813508704e+07 1.419582733847712353e+07
4.443682107952488065e+08 1.820463873277844489e+07 2.586386133798303455e+07 1.594183740771089680e+07 9.768725435928460211e+06 8.276798884910160303e+08 1.800640298975818325e+06 1.740902666513551027e+07 9.119243425231534988e+06 3.405158435066425800e+07
7.783810815500626564e+08 2.894922522648238391e+07 1.312923054037589207e+07 9.507126367343641818e+06 1.322645631493666023e+07 7.254411226965037584e+08 5.319276847948841006e+07 3.018106639968802035e+07 6.454344821968358941e+06 4.048761754231892526e+07
1.012681109528100252e+09 4.411786602491594851e+07 1.088598554583831877e+07 2.806679916671224684e+07 4.925928638201322407e+06 1.210636332413545698e+08 3.016558714977753535e+07 4.025811099289160967e+07 1.956806794254257903e+07 6.087789249352402240e+07
1.055661853795131207e+09 4.362268970883890986e+07 2.496521135948981717e+07 2.390078386791592464e+07 1.760057064936800301e+07 1.230881473848187178e+08 3.714268460981201380e+07 3.788940296937223524e+07 2.228040798753330112e+07 4.543335639704360813e+07
1.270762574397274852e+08 2.920932708343152329e+07 1.008423110219594091e+07 2.598219079681783542e+07 4.555045048270458728e+07 7.697481770282938480e+08 7.726203825854739547e+07 3.591994005874026567e+07 2.739370333633353934e+07 1.124321253324889019e+07
1.096540673541487455e+09 1.154314514316949062e+07 1.236802574060184322e+07 2.610435528581671417e+07 5.114957125605826266e+06 1.183445362122460842e+09 2.466983128311720118e+07 4.211358650696222484e+07 2.657402505739554390e+07 2.237619443824580684e+07
1.051159049529284120e+09 4.288725515810918994e+06 1.701507035106382519e+07 9.529860043398492038e+06 1.468392189288791642e+07 1.465377753802714109e+09 4.566713444151524454e+07 2.702275727576675266e+07 2.998006959629592299e+07 1.446649670218988881e+07
6.119573098178831339e+08 1.288719704681016505e+07 9.251184492244312540e+06 1.172722168243093975e+07 2.192622141669869795e+07 1.571592997661342144e+09 1.511648959638329968e+07 1.229518321258280799e+07 4.199644478136122227e+07 4.040258910358637571e+07
3.840620808294060230e+08 1.345617696840468049e+07 1.510188503418521024e+07 4.468074131315335631e+06 1.097133017047724873e+07 1.244228923727065563e+09 9.167656716318272054e+06 2.771389858550150320e+07 6.437325296403787099e+06 1.917546008574668318e+07
5.590838122256075144e+08 3.335529390661521256e+07 3.745391807155889925e+06 1.725142138660892472e+07 1.486868144437257387e+07 1.816716740169652939e+09 2.843206872620325908e+07 2.288439583754458651e+07 2.030198875161258131e+07 3.387108265035506804e+06
1.452988565005519867e+09 1.185303159707164951e+07 4.295888962271737307e+07 1.239343125531038083e+07 1.038972091918449290e+07 1.898797959829637289e+09 2.051121869490992278e+07 2.421477931958304718e+07 4.468789919105035253e+06 3.573497152791871876e+07
1.282333024460178137e+09 1.574674361129582673e+07 2.208564648779289797e+07 2.654150017371211573e+07 2.413823210945607349e+07 1.953144670747038603e+09 2.700303930853526294e+07 4.260081001556045562e+07 1.162094223113759421e+07 2.276225381549119949e+07
2.022690478402005911e+09 7.728547715192071162e+06 8.030603170423830859e+06 4.510940394029560499e+06 1.847331437208694592e+07 2.375120421444297791e+09 1.546364418334848993e+07 1.727626763952414319e+07 2.273403424133086577e+07 3.368470055192193389e+07
2.461343743024735451e+09 2.984754798252228275e+07 2.388395191482880339e+07 2.126191069093770906e+07 1.088101193509986810e+07 2.835605580617258072e+09 8.627526135578291491e+06 5.684846729598660953e+06 1.307899485764322057e+07 1.059453479465293512e+07
1.476422667377270758e+08 9.414881456843698397e+06 1.893291616508036107e+07 3.136777212244283035e+07 7.807532599100637250e+06 2.836992959724948406e+08 2.356385066543615982e+07 2.386847192141713575e+07 2.410863356736272573e+07 4.380751763499871641e+07
